3 0.2740798611111111 0.8498842592592591 0.1786342592592593 0.25568287037037046
3 0.7062152777777777 0.4610127314814815 0.1706828703703703 0.24584490740740747
3 0.6645601851851852 0.38907407407407407 0.15851851851851856 0.16238425925925917
3 0.4175000000000001 0.46732060185185187 0.1452430555555555 0.21467592592592588
3 0.2700983796296296 0.37038194444444444 0.1644328703703703 0.2454745370370371
3 0.3708043981481482 0.21321180555555555 0.16581018518518514 0.23306712962962967
3 0.3068402777777778 0.4794965277777778 0.16902777777777783 0.23950231481481482
3 0.5121180555555556 0.3207175925925926 0.16604166666666664 0.24869212962962967
3 0.6483564814814815 0.24370949074074072 0.1658564814814815 0.23619212962962965
3 0.3065509259259259 0.6707175925925926 0.16730324074074074 0.22847222222222213
3 0.42105902777777776 0.6548668981481482 0.17569444444444446 0.26799768518518513
3 0.5369791666666666 0.839704861111111 0.18812500000000015 0.2640509259259261
3 0.5336400462962964 0.5616261574074074 0.10501157407407398 0.2388310185185185
3 0.6957581018518518 0.7562268518518518 0.17564814814814814 0.26487268518518514
3 0.6225289351851852 0.5551851851851852 0.1754398148148148 0.2508101851851851