3 0.74375 0.1703125 0.1703125 0.24375
3 0.2984375 0.5765625 0.1625 0.2328125
3 0.3375 0.646875 0.153125 0.15
3 0.58828125 0.55859375 0.1375 0.2046875
3 0.7328125 0.65 0.15625 0.2328125
3 0.6265625 0.8109375 0.159375 0.2203125
3 0.69921875 0.54140625 0.1625 0.2265625
3 0.48828125 0.709375 0.1578125 0.2359375
3 0.35 0.7921875 0.159375 0.2234375
3 0.70546875 0.35078125 0.1609375 0.215625
3 0.590625 0.37109375 0.16875 0.2546875
3 0.48046875 0.19140625 0.1796875 0.25
3 0.475 0.46875 0.096875 0.23125
3 0.31875 0.28125 0.16875 0.2515625
3 0.38515625 0.47890625 0.1671875 0.2375