3 0.1610474537037037 0.7799768518518518 0.21568287037037043 0.28717592592592583
3 0.7000115740740741 0.5482696759259259 0.20598379629629626 0.27526620370370375
3 0.6812326388888889 0.4679571759259259 0.1801388888888889 0.1915856481481482
3 0.41640625 0.4663541666666666 0.1769328703703703 0.24109953703703707
3 0.3013136574074074 0.33060185185185187 0.19973379629629626 0.27461805555555563
3 0.4473668981481481 0.21487847222222226 0.2009259259259259 0.2622800925925926
3 0.3042071759259259 0.44453125 0.20423611111111112 0.2688541666666667
3 0.5528298611111111 0.3582523148148148 0.20295138888888892 0.2780671296296296
3 0.70890625 0.32741898148148146 0.20101851851851843 0.2654050925925926
3 0.2464236111111111 0.6226967592592593 0.20078703703703704 0.2575925925925926
3 0.3625983796296296 0.6425810185185185 0.21605324074074073 0.299675925925926
3 0.41990740740740745 0.8507060185185186 0.22685185185185186 0.29612268518518514
3 0.5012847222222222 0.5903530092592593 0.14155092592592594 0.2561226851851853
3 0.6002488425925925 0.8208217592592593 0.21596064814814825 0.29655092592592575
3 0.5900000000000001 0.6113078703703704 0.21241898148148158 0.28216435185185185