3 0.25 0.82578125 0.1671875 0.240625
3 0.70234375 0.4265625 0.159375 0.23125
3 0.66484375 0.35546875 0.1515625 0.1484375
3 0.41328125 0.43984375 0.134375 0.2015625
3 0.2703125 0.34609375 0.153125 0.23125
3 0.37890625 0.1875 0.1546875 0.21875
3 0.3015625 0.4546875 0.1578125 0.225
3 0.51484375 0.29140625 0.1546875 0.234375
3 0.65546875 0.21015625 0.1546875 0.221875
3 0.29140625 0.64609375 0.15625 0.2140625
3 0.40703125 0.62734375 0.1640625 0.253125
3 0.5140625 0.809375 0.1765625 0.246875
3 0.525 0.53125 0.09375 0.2296875
3 0.67734375 0.721875 0.1640625 0.25
3 0.61484375 0.52265625 0.1640625 0.2359375