3 0.24614583333333334 0.18309027777777778 0.27770833333333333 0.21055555555555552
3 0.5772395833333334 0.7015104166666667 0.2661458333333334 0.20093749999999985
3 0.653125 0.6779166666666667 0.18187499999999995 0.17722222222222223
3 0.6058333333333333 0.4145138888888889 0.23302083333333332 0.17211805555555557
3 0.7189062500000001 0.29151041666666666 0.26416666666666655 0.19465277777777779
3 0.8610416666666666 0.4284027777777778 0.25333333333333324 0.19597222222222221
3 0.6061458333333334 0.3018402777777778 0.25979166666666664 0.1992361111111111
3 0.7388020833333333 0.5430034722222222 0.2689583333333333 0.19631944444444435
3 0.7982291666666667 0.6950347222222222 0.2564583333333331 0.19604166666666673
3 0.4184895833333333 0.25671875 0.24864583333333332 0.19586805555555556
3 0.4200520833333333 0.3740451388888889 0.29020833333333335 0.21083333333333334
3 0.22447916666666665 0.4448958333333334 0.28625 0.22166666666666668
3 0.49859375000000006 0.5076562499999999 0.2493749999999999 0.1365972222222222
3 0.2879166666666667 0.621875 0.2869791666666667 0.20920138888888892
3 0.49437499999999995 0.5969444444444445 0.2728125 0.20732638888888885