3 0.24453125 0.82109375 0.16171875 0.23828125
3 0.70390625 0.43046875 0.1546875 0.22734375
3 0.6671875 0.35859375 0.1484375 0.1453125
3 0.4140625 0.43828125 0.13125 0.20078125
3 0.27265625 0.3421875 0.1484375 0.22890625
3 0.384375 0.18515625 0.1515625 0.21640625
3 0.30234375 0.4515625 0.1546875 0.221875
3 0.51875 0.29140625 0.15078125 0.23125
3 0.66015625 0.21328125 0.1515625 0.21796875
3 0.2890625 0.6421875 0.15234375 0.2109375
3 0.4046875 0.62578125 0.16015625 0.25
3 0.50859375 0.809375 0.171875 0.24296875
3 0.52421875 0.53203125 0.0890625 0.22734375
3 0.6734375 0.725 0.16015625 0.246875
3 0.6140625 0.525 0.159375 0.2328125