3 0.834537037037037 0.8434780092592593 0.2876504629629629 0.22041666666666657
3 0.5056597222222222 0.30010416666666667 0.2772222222222222 0.20920138888888892
3 0.4294155092592592 0.31732060185185185 0.19200231481481483 0.18174768518518522
3 0.47515625000000006 0.5819849537037036 0.24170138888888887 0.18010416666666665
3 0.36136574074074074 0.6946875 0.27505787037037044 0.2029050925925926
3 0.21939814814814812 0.5471412037037038 0.2627083333333333 0.2040972222222223
3 0.4742708333333333 0.6941377314814815 0.27082175925925933 0.20745370370370358
3 0.3426851851851852 0.44406828703703705 0.2784837962962963 0.20612268518518526
3 0.2839641203703704 0.28730324074074076 0.2658333333333333 0.20418981481481477
3 0.6624247685185185 0.7550231481481482 0.25958333333333333 0.20400462962962962
3 0.6605902777777779 0.6388946759259259 0.3 0.21922453703703687
3 0.8540885416666667 0.5847337962962962 0.29182291666666665 0.23006944444444458
3 0.5832870370370371 0.4994965277777778 0.2554282407407406 0.14467592592592596
3 0.7953067129629631 0.40372685185185186 0.296875 0.2191319444444444
3 0.5879918981481481 0.4108275462962963 0.2825115740740742 0.21559027777777776