3 0.8459722222222222 0.5840624999999999 0.3080555555555556 0.3577083333333334
3 0.6482291666666666 0.4141666666666667 0.357951388888889 0.30500000000000005
3 0.5292708333333334 0.6319270833333334 0.28725694444444444 0.27854166666666663
3 0.7106770833333333 0.8249479166666667 0.3407986111111111 0.2867708333333333
3 0.34171874999999996 0.7057291666666666 0.2191319444444444 0.24604166666666671
3 0.24973958333333335 0.5373958333333333 0.20569444444444446 0.2171875
3 0.5590451388888888 0.19770833333333332 0.3196527777777778 0.2760416666666667
3 0.8189583333333333 0.16049479166666666 0.36208333333333337 0.32098958333333333
3 0.41164930555555557 0.4315104166666667 0.2519444444444444 0.24822916666666667
3 0.34072916666666664 0.24369791666666668 0.23690972222222229 0.23635416666666664
3 0.46807291666666667 0.8717708333333334 0.2603819444444445 0.2208333333333335