3 0.18616319444444446 0.39151041666666664 0.3594560185185185 0.3951041666666667
3 0.4149652777777778 0.53125 0.3655555555555555 0.33781250000000007
3 0.5200636574074073 0.3003645833333334 0.2959722222222222 0.3051041666666666
3 0.3263425925925926 0.14494791666666668 0.3494675925925925 0.28989583333333335
3 0.7003761574074074 0.20380208333333333 0.22771990740740727 0.26468749999999996
3 0.8028472222222224 0.3597916666666667 0.212777777777778 0.2340625
3 0.5173090277777778 0.73578125 0.32717592592592587 0.30562500000000004
3 0.25342013888888887 0.8120833333333334 0.38991898148148146 0.3706250000000001
3 0.6484606481481482 0.4859375 0.26067129629629626 0.27156249999999993
3 0.7312210648148149 0.66359375 0.24467592592592596 0.2580208333333333
3 0.5624305555555555 0.08885416666666666 0.268611111111111 0.17770833333333333