3 0.79296875 0.752025462962963 0.39375 0.3661458333333332
3 0.615625 0.507175925925926 0.34375 0.3096064814814815
3 0.42890625 0.6658854166666667 0.275 0.2820601851851853
3 0.534375 0.881076388888889 0.328125 0.23784722222222215
3 0.22734375 0.667795138888889 0.2078125 0.24832175925925917
3 0.19765625 0.4791956018518519 0.1953125 0.21817129629629622
3 0.60546875 0.2747685185185185 0.3078125 0.280150462962963
3 0.846875 0.32355324074074077 0.30625 0.34884259259259254
3 0.38671875 0.4385416666666667 0.2421875 0.25115740740740744
3 0.384375 0.2400173611111111 0.2265625 0.23964120370370373
3 0.28671875 0.8764178240740741 0.2515625 0.2471643518518519