3 0.20125868055555554 0.2625 0.4025173611111111 0.3739583333333334
3 0.3424884259259259 0.49697916666666664 0.3714467592592593 0.3169791666666667
3 0.5455729166666666 0.3260416666666667 0.3005324074074075 0.28736111111111107
3 0.4616261574074074 0.11897569444444445 0.3517476851851852 0.2379513888888889
3 0.7476446759259259 0.31083333333333335 0.23079861111111127 0.253125
3 0.7580844907407408 0.49796874999999996 0.21587962962962964 0.22288194444444454
3 0.3291145833333333 0.7279861111111112 0.33309027777777783 0.2856944444444444
3 0.1299826388888889 0.6940451388888889 0.2599652777777778 0.3556597222222223
3 0.5646759259259259 0.55015625 0.265300925925926 0.2562152777777779
3 0.5476620370370371 0.7494097222222222 0.24878472222222214 0.2445833333333333
3 0.7083912037037037 0.11613715277777778 0.2745486111111111 0.23227430555555556