2 0.16015625 0.30859375 0.1703125 0.1609375
2 0.34296875 0.528125 0.17734375 0.1734375
2 0.375 0.33515625 0.178125 0.146875
2 0.59296875 0.34609375 0.1625 0.1359375
2 0.5421875 0.15078125 0.1609375 0.13828125
2 0.36796875 0.1375 0.15 0.13671875
2 0.18515625 0.115625 0.17578125 0.14140625
3 0.85546875 0.6953125 0.20703125 0.2140625
1 0.1866666671875 0.5555555562500001 0.18222222187499998 0.4933333328125 0.1288888890625 0.44888888906249996 0.0533333328125 0.462222221875 0.017777778124999997 0.5066666671875 0.017777778124999997 0.5688888890625 0.08 0.6133333328125 0.142222221875 0.6044444437500001 0.1866666671875 0.5555555562500001
2 0.777777778125 0.2 0.7866666671875 0.15111111093750001 0.7511111109375 0.1066666671875 0.6888888890625 0.097777778125 0.6488888890625 0.13333333281249998 0.6488888890625 0.17333333281250002 0.6799999999999999 0.20888888906249997 0.7288888890624999 0.222222221875 0.777777778125 0.2
2 0.9333333328125001 0.2666666671875 0.9466666671875 0.23555555625000002 0.91555555625 0.177777778125 0.8400000000000001 0.16444444375 0.8133333328125 0.18222222187499998 0.8 0.23555555625000002 0.8311111109375 0.2711111109375 0.9111111109375001 0.28444444375 0.9333333328125001 0.2666666671875
1 0.30222222187500003 0.7244444437500001 0.29333333281249996 0.6666666671875 0.23555555625000002 0.6266666671875 0.15555555625 0.64 0.12444444375 0.6888888890625 0.12444444375 0.7466666671875 0.18222222187499998 0.79555555625 0.24444444375000002 0.7911111109375 0.30222222187500003 0.7244444437500001
0 0.5822222218750001 0.76 0.59555555625 0.6799999999999999 0.5599999999999999 0.6311111109375 0.48 0.622222221875 0.4311111109375 0.6711111109375001 0.4311111109375 0.7333333328125 0.47555555624999996 0.782222221875 0.5377777781249999 0.7911111109375 0.5822222218750001 0.76
0 0.7022222218749999 0.5866666671874999 0.71555555625 0.5288888890625 0.67555555625 0.4711111109375 0.6088888890625 0.462222221875 0.56444444375 0.497777778125 0.5599999999999999 0.5599999999999999 0.6044444437500001 0.6088888890625 0.6533333328125 0.617777778125 0.7022222218749999 0.5866666671874999