2 0.8799479166666668 0.5722222222222222 0.19085648148148165 0.1941203703703703
2 0.6708912037037036 0.39078124999999997 0.19918981481481488 0.20899305555555553
2 0.6632523148148148 0.5868518518518518 0.19664351851851852 0.1822685185185186
2 0.4456018518518519 0.6180497685185186 0.17899305555555553 0.16798611111111122
2 0.5198206018518519 0.8009259259259259 0.17748842592592595 0.16938657407407404
2 0.6947627314814815 0.7812152777777778 0.16649305555555555 0.16668981481481496
2 0.8785590277777778 0.7676446759259259 0.19166666666666643 0.17396990740740748
3 0.1413773148148148 0.3233506944444444 0.23356481481481484 0.25458333333333333
1 0.8227563171875 0.3336271515625 0.8348882859375 0.39420370312499997 0.893359925 0.4279191921875 0.9667300515624999 0.40036643437499997 0.99652211875 0.34972073593749997 0.9888033359374999 0.2882976765625 0.9215053265625001 0.2562752078125 0.8608234140625 0.27690107343750003 0.8227563171875 0.3336271515625
2 0.2799099859375 0.797201940625 0.27714837187499997 0.8471559375 0.3179672703125 0.8842574687500001 0.3808545484375 0.8811810484375 0.41616248437500003 0.8384635625 0.41120041093750004 0.7989773109375 0.37589738125 0.769803990625 0.3256983171875 0.7659535203125001 0.2799099859375 0.797201940625
2 0.1171783765625 0.7610193796875 0.107798209375 0.794270440625 0.145857946875 0.8453805671874999 0.2225361234375 0.844151978125 0.24680986875 0.8215234703125001 0.2534333265625 0.7663356 0.21813029843749998 0.73716228125 0.1370389359375 0.739237384375 0.1171783765625 0.7610193796875
1 0.6870625203125 0.1889166859375 0.70305633125 0.24425936250000002 0.7653898140625001 0.2727409828125 0.8431731265625 0.24434171249999997 0.86800066875 0.1901551640625 0.860833228125 0.1331194640625 0.7973970609375 0.0958631234375 0.7361638078125 0.1121016296875 0.6870625203125 0.1889166859375
0 0.40462111093750003 0.20714794374999998 0.4013057015625 0.2886599828125 0.44267594062500004 0.330148875 0.5232159609375 0.32368641249999996 0.5656962421875 0.2661138234375 0.5579774625 0.20469076406250003 0.50778085 0.164894890625 0.44489357187499995 0.1679713109375 0.40462111093750003 0.20714794374999998
0 0.30696742499999996 0.40111081875 0.30089530781249996 0.46068604999999996 0.347781415625 0.5101031546875 0.4150818796875 0.5061802234375 0.4548030015625 0.46261622812500003 0.45149740468750005 0.4003466578125 0.4013007953125 0.360550784375 0.35165307343749996 0.3610876765625 0.30696742499999996 0.40111081875