2 0.73671875 0.15710069444444447 0.1828125 0.19874999999999998
2 0.49375 0.3186805555555555 0.196875 0.20874999999999994
2 0.68046875 0.36897569444444445 0.1703125 0.20444444444444443
2 0.63984375 0.5848437499999999 0.1578125 0.1867013888888888
2 0.83984375 0.5532986111111111 0.1578125 0.1851388888888888
2 0.87734375 0.3805381944444445 0.1578125 0.17420138888888886
2 0.92109375 0.20046875000000003 0.1578125 0.1992013888888889
3 0.25703125 0.8135763888888888 0.240625 0.24506944444444442
1 0.4904242640625 0 0.446222321875 0.048482356250000004 0.4463650453125 0.11132978593750001 0.488592678125 0.16026893749999999 0.55082790625 0.16176139375 0.6022623859375 0.1128465921875 0.5995741125 0.0362901734375 0.5638286796875 0 0.4904242640625 0
2 0.7632268796874999 0.68484189375 0.7432192875 0.732288584375 0.7584212265625 0.783118784375 0.8055972375 0.7966284734375 0.8545575281250001 0.7654284 0.8720195703125 0.704272725 0.8423769640625001 0.6610310734375 0.802766240625 0.657224625 0.7632268796874999 0.68484189375
2 0.6805795984375 0.8294959546875 0.6562421765625001 0.907943421875 0.6707542046875 0.9317785875 0.699706903125 0.94802520625 0.761252221875 0.92252263125 0.7849710984375 0.8485038453125 0.771077615625 0.820239996875 0.7201189578125 0.8018786859375 0.6805795984375 0.8294959546875
1 0.2515468890625 0.1330015671875 0.247288421875 0.195426059375 0.30526518125 0.25934301249999997 0.3637177625 0.25598384687500003 0.411369596875 0.202217425 0.40929987187499994 0.1212323265625 0.3652165953125 0.08557922343749999 0.3080011078125 0.080081021875 0.2515468890625 0.1330015671875
0 0.22392635468750002 0.4265634234375 0.2064643125 0.4877190984375 0.23108718125 0.53496649375 0.308452984375 0.5558654359374999 0.3618144671875 0.5250883 0.3817506984375 0.4462178953125 0.3401416109375 0.3928500640625 0.27852493125 0.3869289234375 0.22392635468750002 0.4265634234375
0 0.377634953125 0.57148981875 0.3620285515625 0.619359446875 0.3860328734375 0.6710355234375001 0.4413927203125 0.6898197734375 0.5041751328124999 0.6554598328125001 0.5222557234375 0.589875475 0.49323166250000006 0.5422051406249999 0.4322335296875 0.53185531875 0.377634953125 0.57148981875