2 0.21181712962962962 0.2852777777777778 0.20651620370370374 0.1980555555555555
2 0.38960069444444445 0.5388715277777778 0.21709490740740742 0.2113888888888889
2 0.4270138888888889 0.35630208333333335 0.21141203703703706 0.18454861111111107
2 0.64546875 0.41289930555555554 0.19302083333333328 0.17052083333333332
2 0.5996469907407407 0.21053819444444444 0.19160879629629618 0.1719444444444444
2 0.4252430555555556 0.16095486111111112 0.1805208333333333 0.16940972222222223
2 0.2421238425925926 0.10130208333333335 0.20612268518518517 0.17788194444444444
3 0.8864322916666666 0.8111805555555556 0.22713541666666687 0.2580555555555556
1 0.23201260937499998 0.5331540984375 0.2291850078125 0.4711359546875 0.176791796875 0.41629915000000006 0.1005621890625 0.4135147640625 0.0636859140625 0.4496764 0.062050040625000004 0.5107607859375001 0.12337020000000001 0.56746510625 0.1860925359375 0.571811384375 0.23201260937499998 0.5331540984375
2 0.8350025390625 0.30829035625 0.84521481875 0.26216300000000003 0.8106755046874999 0.2110612296875 0.7484205609375 0.18926226875000002 0.7073145078125 0.215763803125 0.706262875 0.2550323375 0.7365724078125 0.296474009375 0.78532008125 0.3198348625 0.8350025390625 0.30829035625
2 1 0.37084771562499996 0.9739544828125 0.31542101875 0.8984259640625 0.2864576109375 0.8711777250000001 0.2983077421875 0.8563851250000001 0.3478645109375 0.8866946609375 0.3893061828125 0.9666866546874999 0.419203346875 0.98947141875 0.406419459375 1 0.385863075 1 0.37084771562499996
1 0.34362271093749996 0.7232322890625 0.3362147890625 0.6646435609375 0.27924125625 0.6132361671875 0.198548175 0.6095180250000001 0.1660185234375 0.6509765875 0.1644994984375 0.7076978015625001 0.2212393359375 0.7678315375 0.28384482499999997 0.776540984375 0.34362271093749996 0.7232322890625
0 0.6238868078124999 0.8169644406250001 0.639380496875 0.7412286499999999 0.60495803125 0.6857637078125001 0.524849190625 0.6602297140625 0.47446564375 0.6979532453124999 0.47282977031250006 0.759037628125 0.5161791859375 0.8163700875 0.5784341296875 0.8381690468749999 0.6238868078124999 0.8169644406250001
0 0.748957690625 0.672012278125 0.7638671390625 0.618092340625 0.7252148953125 0.5529672984375 0.658496478125 0.53023458125 0.6129269484375001 0.5558023578125 0.6068276015625 0.615952984375 0.650177015625 0.6732854421875001 0.6990415359375 0.6922831265625 0.748957690625 0.672012278125