2 0.1717013888888889 0.8198784722222221 0.2099652777777778 0.22135416666666652
2 0.43592013888888886 0.7143229166666666 0.225 0.23385416666666678
2 0.2602083333333333 0.6230034722222222 0.19944444444444445 0.22482638888888892
2 0.33520833333333333 0.4183159722222222 0.1838541666666667 0.20607638888888893
2 0.13288194444444446 0.40451388888888895 0.1837152777777778 0.20451388888888888
2 0.07966145833333334 0.5670138888888889 0.15932291666666668 0.19340277777777787
2 0.044809027777777774 0.7354166666666667 0.08961805555555555 0.2177083333333334
3 0.7476909722222222 0.2779513888888889 0.2735069444444445 0.27482638888888883
1 0.43046528593750005 1 0.44047734531250005 0.9925557406250001 0.4502937046875 0.9303164640625001 0.41648147968749993 0.87239199375 0.35545841093749997 0.8569374156249999 0.2970807984375 0.893802340625 0.2875981796875 0.9701826578125001 0.3075690875 1 0.43046528593750005 1
2 0.22926042343750003 0.29148296875 0.2564712640625 0.2490130796875 0.24956062656250003 0.1952864875 0.20526455625 0.17131922187499998 0.15212886406249998 0.1912055453125 0.125251765625 0.2478164734375 0.1475789171875 0.297275028125 0.1859655796875 0.30993881874999996 0.22926042343750003 0.29148296875
2 0.33352935 0.1668640921875 0.36991355625 0.09468164999999999 0.3594052203125 0.0678300484375 0.3334803703125 0.0452464828125 0.2688596046875 0.0566668921875 0.233785878125 0.12460468281249999 0.24298373281250002 0.1557009359375 0.290234509375 0.18531994062499998 0.33352935 0.1668640921875
1 0.645490975 0.9526193875000001 0.6595725171875 0.891787196875 0.6126309937500001 0.815500425 0.5545626328125 0.8056975843749999 0.49913972187500005 0.848214246875 0.488346625 0.9288392125 0.5260902921875 0.9740297328124999 0.58153769375 0.992321875 0.645490975 0.9526193875000001
0 0.719187140625 0.6682512078125 0.746064240625 0.6116402812499999 0.729312753125 0.5593441640625 0.6564708718750001 0.52128263125 0.5990699937499999 0.5397618671875 0.566950971875 0.613351396875 0.5994527171875 0.6755205140625 0.659165303125 0.6952197453125 0.719187140625 0.6682512078125
0 0.5908488765625 0.4902799265625 0.6137945328125001 0.44640294999999997 0.5983535265625 0.3898621828125 0.5468375671875 0.35883608906250003 0.47959584062499994 0.3787458 0.4514082609375 0.439601378125 0.47242493281250003 0.49330458281249995 0.5308270375 0.5172484625 0.5908488765625 0.4902799265625