2 0.61015625 0.12578125 0.1953125 0.2015625
2 0.4375 0.353125 0.209375 0.2125
2 0.6328125 0.34140625 0.1828125 0.20625
2 0.67109375 0.55625 0.16875 0.1890625
2 0.85 0.4625 0.1703125 0.1875
2 0.8234375 0.28984375 0.1671875 0.1765625
2 0.80390625 0.10703125 0.1765625 0.2015625
3 0.38984375 0.8828125 0.2546875 0.234375
1 0.3850278015625 0.0316367765625 0.32440033125 0.04563373125 0.29509195 0.116259025 0.317749971875 0.17488693125000002 0.375383665625 0.2071946609375 0.43501135468749996 0.188867171875 0.46631930156249995 0.12690294375 0.4363313984375 0.05628322031250001 0.3850278015625 0.0316367765625
2 0.8907617374999999 0.5625908234375 0.851786934375 0.571588865625 0.8241411421875 0.6099008609375 0.8221471484375 0.660536078125 0.8547974234375 0.7031730359374999 0.9044328578125 0.7008364953124999 0.9397399343749999 0.6561944015625001 0.934404046875 0.593567365625 0.8907617374999999 0.5625908234375
2 0.8801178171874999 0.7338181734375 0.825152065625 0.7328239625 0.797506275 0.7711359578125 0.802510759375 0.852084909375 0.8248318046875 0.8697384484375 0.8581448875 0.8757315734375 0.9074433484375 0.8324206656250001 0.903438646875 0.7558022453125 0.8801178171874999 0.7338181734375
1 0.231470703125 0.1765606625 0.175173765625 0.1895578359375 0.1405350671875 0.2568523796875 0.15886255625 0.3164800671875 0.2368177328125 0.3577802671875 0.2911151046875 0.336122028125 0.31709273437499996 0.27082704999999996 0.28610505 0.1958767921875 0.231470703125 0.1765606625
0 0.317777828125 0.47136835312500003 0.2571503578125 0.48536530781250004 0.21951231249999997 0.5396682515625 0.2248481984375 0.6022952874999999 0.265159759375 0.6386021453125 0.3461087109375 0.6335976640625 0.385746321875 0.5879557859375 0.3764113046875 0.508006615625 0.317777828125 0.47136835312500003
0 0.5166621124999999 0.5622928453125 0.455034859375 0.5719592671875 0.4173968140625 0.626262209375 0.419733353125 0.6758976453125001 0.4610446953125 0.7165350375 0.5203409812500001 0.7165294671875 0.5676398765624999 0.6645574921875 0.56130420625 0.5975999234375 0.5166621124999999 0.5622928453125