2 0.86328125 0.6421875 0.190625 0.1828125
2 0.6515625 0.45 0.2 0.196875
2 0.646875 0.64609375 0.196875 0.1703125
2 0.4296875 0.665625 0.1796875 0.1578125
2 0.50703125 0.8515625 0.178125 0.1578125
2 0.68125 0.840625 0.1671875 0.1578125
2 0.865625 0.83671875 0.1921875 0.1640625
3 0.12109375 0.35625 0.2359375 0.240625
1 0.9766014468750001 0.42628585 0.9679417875 0.3646691703125 0.9001396375 0.3293169171875 0.8397600515624999 0.34677895937500003 0.8025521546875 0.401377534375 0.8156130078125001 0.46237566875 0.8746127749999999 0.49896501718749997 0.9475773890625 0.4752461421875 0.9766014468750001 0.42628585
2 0.403590225 0.8838196203124999 0.3980233 0.8442088984374999 0.36226658437500003 0.8133291953124999 0.3119978359375 0.806929640625 0.266677465625 0.8357396156249999 0.26467910156249996 0.8853898156250001 0.3060741046875 0.9244533515625 0.368927878125 0.924596075 0.403590225 0.8838196203124999
2 0.233942125 0.8582927578125 0.23972313281250002 0.8036228187500001 0.203966415625 0.77274311875 0.12288932968749999 0.7706733921875 0.1033575609375 0.7913708921875 0.094483815625 0.8240348734375 0.1333332671875 0.8769205328125 0.2100091640625 0.87960880625 0.233942125 0.8582927578125
1 0.8456124234375 0.2606821328125 0.8375713109375 0.20346664374999998 0.7735518031249999 0.1630946515625 0.7125536718750001 0.176155503125 0.6646163890625 0.25021448749999997 0.6814598843749999 0.30619287968750003 0.7442422953125 0.33776249062499997 0.8216081000000001 0.31342506875 0.8456124234375 0.2606821328125
0 0.5444044031249999 0.32096665 0.53574474375 0.2593499703125 0.4849288109375 0.2171223359375 0.42207503593749995 0.2169796125 0.382392953125 0.2539734234375 0.38032322500000004 0.3350505109375 0.4223367765625 0.3785152390625 0.502795315625 0.376183775 0.5444044031249999 0.32096665
0 0.4364919984375 0.511169528125 0.4322335296875 0.44893430156249997 0.3814175984375 0.4067066671875 0.33176739843749997 0.40470830312499995 0.28768412187500003 0.4423206609375 0.282521659375 0.501391790625 0.3301734953125 0.55304035625 0.3974284609375 0.55256453125 0.4364919984375 0.511169528125