2 0.830185185185185 0.8507175925925926 0.2251620370370368 0.2432407407407407
2 0.649699074074074 0.7795081018518518 0.22516203703703716 0.2432407407407407
2 0.4686631944444445 0.7238483796296296 0.22206018518518517 0.24450231481481471
2 0.28685763888888893 0.668894675925926 0.22837962962962965 0.2497916666666667
2 0.11728587962962964 0.5971759259259259 0.2205902777777778 0.25060185185185196
2 0.13875 0.4135706018518519 0.22667824074074075 0.2402662037037036
2 0.32719907407407406 0.4956886574074074 0.23465277777777782 0.25195601851851845
2 0.5059143518518519 0.5526851851851852 0.2203819444444445 0.2365393518518518
2 0.6900405092592592 0.6063020833333334 0.22831018518518534 0.24510416666666668
2 0.8688599537037037 0.6703298611111111 0.2252083333333335 0.2463657407407407
2 0.9068171296296296 0.4918055555555555 0.18636574074074092 0.2527314814814815
2 0.7411689814814815 0.42399305555555555 0.23465277777777782 0.25195601851851845
2 0.5577893518518519 0.3681076388888889 0.2347685185185185 0.25976851851851845
2 0.3705034722222222 0.3118460648148148 0.24108796296296298 0.2650578703703704
2 0.18452546296296296 0.2385474537037037 0.24115740740740743 0.2697453703703704