2 0.27664930555555556 0.8370081018518519 0.22684027777777782 0.2252314814814816
2 0.3154340277777778 0.656712962962963 0.22520833333333332 0.22361111111111107
2 0.3394097222222222 0.4766493055555555 0.22826388888888882 0.2221643518518519
2 0.36253472222222227 0.29499421296296297 0.23322916666666665 0.22858796296296297
2 0.4048263888888889 0.12340856481481481 0.23465277777777782 0.22552083333333334
2 0.5924479166666666 0.1506365740740741 0.22378472222222215 0.22667824074074075
2 0.5431076388888889 0.33912037037037035 0.23350694444444448 0.23483796296296297
2 0.5174652777777778 0.5167824074074074 0.2203819444444445 0.2203125
2 0.4960069444444445 0.7008391203703704 0.22854166666666664 0.2284143518518519
2 0.46333333333333326 0.8782407407407407 0.22840277777777768 0.2252893518518519
2 0.6487673611111111 0.9130497685185185 0.23822916666666671 0.17390046296296297
2 0.6871527777777777 0.7547164351851852 0.23350694444444448 0.23483796296296297
2 0.7110243055555555 0.5723090277777778 0.24281250000000015 0.2336226851851851
2 0.7346875 0.3852141203703704 0.2477777777777778 0.24004629629629629
2 0.775607638888889 0.20031828703703702 0.2508333333333333 0.238599537037037