2 0.35765046296296293 0.867326388888889 0.2096643518518519 0.1996180555555555
2 0.364375 0.681875 0.209537037037037 0.19805555555555543
2 0.3556018518518519 0.49763888888888896 0.21240740740740732 0.19499999999999992
2 0.3459837962962963 0.3126041666666667 0.21604166666666663 0.20131944444444444
2 0.35621527777777773 0.13190972222222222 0.2178587962962963 0.20447916666666668
2 0.5434606481481481 0.1329513888888889 0.20666666666666664 0.2011111111111111
2 0.5289699074074073 0.3283680555555556 0.21655092592592595 0.20756944444444442
2 0.5359895833333332 0.5102256944444445 0.20459490740740732 0.19482638888888887
2 0.5473611111111112 0.6976388888888889 0.21135416666666665 0.20121527777777787
2 0.5466319444444444 0.8801041666666667 0.21266203703703698 0.19812499999999994
2 0.7405208333333333 0.9070486111111112 0.22229166666666664 0.18590277777777758
2 0.7427662037037036 0.7222569444444444 0.21655092592592595 0.20756944444444442
2 0.7338020833333333 0.5356770833333333 0.2257986111111112 0.20621527777777776
2 0.7237384259259259 0.3451736111111111 0.22943287037037036 0.21253472222222225
2 0.7307349537037038 0.15348958333333335 0.23386574074074068 0.20951388888888886