2 0.10703125 0.35390625 0.20625 0.20625
2 0.29453125 0.3421875 0.20625 0.20625
2 0.47734375 0.3171875 0.203125 0.2078125
2 0.6609375 0.28984375 0.209375 0.2125
2 0.84296875 0.2828125 0.2125 0.2140625
2 0.8796875 0.46796875 0.2078125 0.203125
2 0.68046875 0.471875 0.215625 0.2125
2 0.5 0.4953125 0.2015625 0.2
2 0.31484375 0.52421875 0.209375 0.2078125
2 0.13203125 0.540625 0.20625 0.2078125
2 0.13515625 0.73359375 0.209375 0.21875
2 0.328125 0.71875 0.215625 0.2125
2 0.51328125 0.6921875 0.2140625 0.221875
2 0.70234375 0.6640625 0.2203125 0.225
2 0.89296875 0.65234375 0.2140625 0.2296875