2 0.3609375 0.8953125 0.2078125 0.209375
2 0.34609375 0.7078125 0.2078125 0.2078125
2 0.3171875 0.52578125 0.2109375 0.20625
2 0.28671875 0.34296875 0.215625 0.2125
2 0.27734375 0.16015625 0.2171875 0.215625
2 0.4609375 0.12109375 0.20625 0.2109375
2 0.46875 0.31953125 0.215625 0.21875
2 0.4953125 0.5 0.203125 0.2046875
2 0.52734375 0.684375 0.2109375 0.2109375
2 0.546875 0.8671875 0.2109375 0.209375
2 0.73984375 0.8609375 0.2203125 0.2125
2 0.721875 0.66796875 0.215625 0.21875
2 0.69140625 0.48359375 0.225 0.2171875
2 0.6609375 0.2953125 0.228125 0.2234375
2 0.64609375 0.10625 0.2328125 0.2125