2 0.28125 0.8578125 0.196875 0.1984375
2 0.30625 0.67109375 0.196875 0.196875
2 0.31640625 0.4875 0.2 0.19375
2 0.32421875 0.30234375 0.203125 0.2
2 0.35234375 0.121875 0.2046875 0.203125
2 0.540625 0.12109375 0.19375 0.2
2 0.50625 0.3171875 0.203125 0.20625
2 0.4953125 0.49921875 0.1921875 0.19375
2 0.48828125 0.68671875 0.1984375 0.2
2 0.46953125 0.86875 0.2 0.196875
2 0.659375 0.9015625 0.209375 0.196875
2 0.68203125 0.71015625 0.203125 0.20625
2 0.690625 0.5234375 0.2125 0.2046875
2 0.7 0.3328125 0.215625 0.2109375
2 0.72578125 0.14140625 0.2203125 0.2078125