2 0.8994502314814815 0.5636284722222222 0.20109953703703703 0.2325810185185185
2 0.7273321759259259 0.6044849537037037 0.22509259259259268 0.23171296296296298
2 0.5495601851851852 0.6587384259259259 0.22354166666666658 0.23321759259259273
2 0.37179976851851854 0.7145543981481481 0.22982638888888882 0.23813657407407404
2 0.19154513888888888 0.7501446759259259 0.23297453703703702 0.2413773148148149
2 0.1316261574074074 0.5734085648148148 0.22664351851851855 0.2302083333333332
2 0.32829282407407406 0.5379918981481481 0.236087962962963 0.2399305555555557
2 0.5037384259259259 0.48616898148148147 0.22037037037037024 0.22685185185185192
2 0.6838252314814814 0.42792245370370374 0.22822916666666657 0.23339120370370364
2 0.8632291666666667 0.38298611111111114 0.22668981481481473 0.2364583333333333
2 0.8352488425925927 0.19256365740740738 0.23143518518518533 0.24444444444444446
2 0.6456886574074074 0.2378761574074074 0.23608796296296292 0.23993055555555554
2 0.4655844907407407 0.29377893518518516 0.2345949074074074 0.2492476851851852
2 0.28236689814814814 0.3513599537037037 0.24244212962962966 0.254224537037037
2 0.10684027777777778 0.3922453703703704 0.20965277777777777 0.25613425925925926