2 0.128125 0.30703125 0.18515625 0.18515625
2 0.315625 0.31875 0.18515625 0.18515625
2 0.5 0.315625 0.18203125 0.1875
2 0.68515625 0.3109375 0.18671875 0.18984375
2 0.8671875 0.3265625 0.18984375 0.1921875
2 0.88046875 0.5140625 0.1875 0.18046875
2 0.6828125 0.49375 0.19453125 0.19140625
2 0.50078125 0.4953125 0.18125 0.1796875
2 0.31328125 0.5015625 0.18828125 0.1859375
2 0.1296875 0.4953125 0.18359375 0.18828125
2 0.109375 0.6875 0.18828125 0.19609375
2 0.303125 0.69609375 0.19453125 0.18984375
2 0.48984375 0.6921875 0.19140625 0.20078125
2 0.68046875 0.6875 0.19609375 0.203125
2 0.8734375 0.7 0.19453125 0.2078125