2 0.103125 0.38125 0.20625 0.215625
2 0.284375 0.35703125 0.215625 0.215625
2 0.46484375 0.31875 0.2140625 0.21875
2 0.6453125 0.27890625 0.2203125 0.2234375
2 0.82734375 0.259375 0.2234375 0.225
2 0.87578125 0.44140625 0.21875 0.2140625
2 0.678125 0.45859375 0.2265625 0.2234375
2 0.5 0.4953125 0.2125 0.2109375
2 0.3171875 0.5375 0.2203125 0.21875
2 0.1359375 0.56640625 0.2171875 0.21875
2 0.15234375 0.75859375 0.221875 0.2296875
2 0.34453125 0.7296875 0.2265625 0.2234375
2 0.5265625 0.690625 0.225 0.2328125
2 0.71328125 0.65 0.23125 0.2375
2 0.89453125 0.625 0.2109375 0.240625