2 0.7478819444444443 0.8140914351851851 0.245775462962963 0.2442708333333335
2 0.5270023148148149 0.7640625 0.24908564814814813 0.25075231481481486
2 0.3166435185185185 0.72890625 0.2586921296296296 0.2592592592592592
2 0.11763310185185186 0.6866608796296296 0.2352662037037037 0.27332175925925933
2 0.3607175925925926 0.5098090277777778 0.2622800925925926 0.27511574074074086
2 0.5907175925925926 0.5691261574074075 0.25451388888888893 0.27609953703703705
2 0.8271064814814816 0.62421875 0.2574537037037036 0.2700810185185185
2 0.8755208333333334 0.4171875 0.2357175925925926 0.2731481481481481
2 0.6250752314814815 0.3344328703703704 0.2782754629629629 0.2887731481481482
2 0.39684027777777775 0.2948206018518518 0.2768518518518519 0.29334490740740743
2 0.03123205625 0.46141636874999997 0.033629975 0.493846628125 0.0421848609375 0.5187333625 0.0629004609375 0.5512278109375 0.086320428125 0.5707629937500001 0.09848114062499999 0.5783707078125 0.15508386875 0.5926185296875001 0.1786570625 0.58945895 0.2250552171875 0.5647647828125 0.2373691546875 0.549677734375 0.2489348625 0.5162156796875 0.24833985625000002 0.475145909375 0.23978496875 0.4502591765625 0.20345605781249998 0.40474127187500003 0.174780578125 0.3884298578125 0.1312400171875 0.3774699953125 0.08844768593749999 0.384885140625 0.050757643750000005 0.4117712765625 0.0357393375 0.43981759374999996 0.03123205625 0.46141636874999997
2 0.055282821875 0.2583236828125 0.0654873953125 0.2972656703125 0.0896555953125 0.3351758609375 0.1208822171875 0.36122277187499996 0.172229434375 0.37869435937499996 0.2045107421875 0.3777267546875 0.22898539062499998 0.37024741875 0.2675768890625 0.33904152656250003 0.2746353140625 0.327178246875 0.285606015625 0.252646421875 0.274499984375 0.218024190625 0.24597773125 0.1790180140625 0.2016889390625 0.14968314375 0.15289286562499999 0.1419470515625 0.109199078125 0.1536819515625 0.0820200609375 0.17412054999999999 0.061746240625000004 0.205390634375 0.055282821875 0.2583236828125