2 0.1890625 0.29375 0.209375 0.19375
2 0.41328125 0.28828125 0.2109375 0.1984375
2 0.625 0.27109375 0.21796875 0.20625
2 0.83984375 0.259375 0.221875 0.21953125
2 0.6265625 0.49609375 0.21875 0.22265625
2 0.39140625 0.49453125 0.2109375 0.22578125
2 0.15078125 0.49921875 0.21484375 0.2171875
2 0.13515625 0.7140625 0.2125 0.2234375
2 0.40546875 0.7328125 0.23515625 0.23125
2 0.634375 0.71484375 0.23046875 0.23671875
2 0.8 0.5599999999999999 0.8311111109375 0.5688888890625 0.8755555562499999 0.5688888890625 0.91555555625 0.5511111109375 0.9466666671875 0.51555555625 0.95555555625 0.48444444375 0.95555555625 0.462222221875 0.9466666671875 0.4311111109375 0.9333333328125001 0.40888888906250004 0.9066666671875 0.382222221875 0.8800000000000001 0.3688888890625 0.8666666671875 0.36444444374999996 0.8088888890625 0.36444444374999996 0.7866666671875 0.37333333281250003 0.7466666671875 0.40888888906250004 0.737777778125 0.4266666671875 0.7333333328125 0.462222221875 0.742222221875 0.502222221875 0.75555555625 0.52444444375 0.8 0.5599999999999999
2 0.8044444437499999 0.7911111109375 0.8533333328125 0.8088888890625 0.902222221875 0.8044444437499999 0.942222221875 0.782222221875 0.96444444375 0.75555555625 0.977777778125 0.72 0.9733333328124999 0.6666666671875 0.95555555625 0.6311111109375 0.92444444375 0.6 0.8888888890625 0.5822222218750001 0.8355555562499999 0.577777778125 0.8044444437499999 0.5866666671874999 0.782222221875 0.6 0.7511111109375 0.64 0.7466666671875 0.6533333328125 0.7511111109375 0.7288888890624999 0.7688888890625 0.76 0.8044444437499999 0.7911111109375