2 0.25463541666666667 0.22119791666666666 0.26083333333333336 0.2455324074074074
2 0.47770833333333335 0.2511805555555556 0.2627083333333333 0.2503009259259259
2 0.6896875 0.26762731481481483 0.2727083333333333 0.26016203703703705
2 0.8826041666666666 0.2889641203703704 0.23479166666666665 0.27225694444444437
2 0.6590624999999999 0.49028935185185185 0.2768750000000001 0.2759490740740741
2 0.4259895833333333 0.45141782407407405 0.27072916666666663 0.2771875
2 0.18703124999999998 0.4183391203703703 0.2734375 0.27109953703703693
2 0.1546875 0.6269791666666666 0.2425 0.2741666666666667
2 0.4065625 0.6891782407407407 0.29489583333333336 0.2893402777777778
2 0.6359375 0.7078587962962963 0.29364583333333344 0.2939467592592592
2 0.9762053546875 0.4520886609375 0.9535571812500001 0.4215254296875 0.9290063156249999 0.40414790937499995 0.91641376875 0.3976567671875 0.859097728125 0.38857450937500004 0.8357846375 0.39387180625 0.7910304578125 0.42274598125 0.779675684375 0.43892965781250004 0.7701929140625 0.47339291250000004 0.7733026921875 0.5143473109375 0.7833583203125001 0.5384194 0.8223737359375001 0.5805676453124999 0.8519677578125 0.5942485640624999 0.8960570203125 0.6012349171875 0.938274278125 0.5899416875 0.974210603125 0.5596702421875 0.9874680687499999 0.53030085625 0.990639221875 0.508324675 0.9862609828125001 0.4761607484375 0.9762053546875 0.4520886609375
2 0.9401155937500001 0.6396865593750001 0.9073811062500001 0.61651653125 0.855108225 0.6037376734375 0.8229772796875 0.6076376984375 0.7990299578125 0.61733023125 0.7624594 0.6519969140625 0.7561477828125 0.6644839874999999 0.7497747921875 0.7399016421875 0.7629708843749999 0.7734628390625 0.7938026781249999 0.8098185765625001 0.8397639437500001 0.8350845093749999 0.8888963625 0.8383742609375 0.93174785 0.8226857953125 0.9575978640624999 0.799807553125 0.9758984859375 0.7667415671875 0.9791003249999999 0.71330009375 0.966538465625 0.6753436609375 0.9401155937500001 0.6396865593750001