2 0.7740625000000001 0.32243055555555555 0.24625000000000002 0.27451388888888884
2 0.71609375 0.5356770833333333 0.2525347222222223 0.2766319444444445
2 0.6739583333333334 0.7409375 0.26211805555555545 0.28684027777777776
2 0.6242534722222223 0.8999826388888887 0.2742013888888888 0.20003472222222235
2 0.4572395833333333 0.6653125 0.27628472222222217 0.2927777777777779
2 0.5247743055555556 0.44430555555555556 0.27770833333333333 0.28666666666666674
2 0.5877951388888889 0.21506944444444445 0.2714930555555554 0.28767361111111106
2 0.3842361111111111 0.14609375 0.27527777777777784 0.2474652777777778
2 0.29147569444444443 0.3750347222222222 0.29072916666666665 0.31121527777777774
2 0.24505208333333334 0.5971354166666667 0.29538194444444443 0.31006944444444445
2 0.397477178125 0.987017959375 0.42984068124999997 0.9893598015625 0.4549150078125 0.9844470734374999 0.48799389687500005 0.9684939921875 0.5082704625 0.9479451890625 0.516275025 0.9369048328125 0.5324692171875001 0.8824250296875 0.53016286875 0.85840744375 0.5072346999999999 0.8084353984374999 0.49265634687500004 0.7939262609375 0.4597625265625 0.7774802484375 0.41886414062500005 0.77207459375 0.3937898125 0.776987321875 0.3471932125 0.8066396031249999 0.32993838124999997 0.83291106875 0.3174813109375 0.8748186109375 0.3233397140625 0.918663028125 0.3487592953125 0.9602535640625 0.376139971875 0.9793584234375 0.397477178125 0.987017959375
2 0.19619205 0.93331324375 0.23531440781250001 0.9288054859375 0.273906446875 0.9101935546875 0.3009418671875 0.8827951531249999 0.32015779218749996 0.834038009375 0.3203428578125 0.8016389140625 0.31376906875 0.776089421875 0.28408204531250003 0.732966978125 0.27252542812499997 0.724180503125 0.19873322031250001 0.702328834375 0.163878303125 0.7083685015625 0.12404055781250001 0.7311711843750001 0.093268015625 0.77114185 0.0838326828125 0.8187720546874999 0.0939585265625 0.8641483781250001 0.11333463749999999 0.894293590625 0.143737046875 0.9191211125000001 0.19619205 0.93331324375