2 0.8511168981481481 0.7797106481481482 0.2421875 0.22427083333333328
2 0.6265335648148148 0.7524074074074074 0.24569444444444438 0.2291435185185186
2 0.41390625 0.7382523148148148 0.25427083333333333 0.2389814814814814
2 0.19848958333333333 0.7184895833333333 0.2599768518518519 0.25175925925925924
2 0.4136053240740741 0.5150983796296297 0.25710648148148146 0.2546990740740741
2 0.6497627314814814 0.5508622685185185 0.24942129629629636 0.25579861111111113
2 0.882103587962963 0.5814814814814815 0.23579282407407404 0.24826388888888892
2 0.8912876157407407 0.3710185185185185 0.2174247685185186 0.2543287037037037
2 0.6373784722222222 0.31299768518518517 0.2736226851851852 0.2665624999999999
2 0.40750000000000003 0.29704282407407406 0.27244212962962955 0.27115740740740746
2 0.1054337828125 0.55657468125 0.1320287671875 0.5869005328125 0.15870354375 0.6040126515625001 0.17205423125 0.6103664234374999 0.230022459375 0.618812928125 0.252371125 0.613252428125 0.29271575312500003 0.5838633890625 0.30174033125 0.5675445406249999 0.30641220156250004 0.5329576546875 0.2977333859375 0.4920169953125 0.2844890859375 0.468044915625 0.240110915625 0.426310984375 0.20895044999999998 0.4129537109375 0.1643595015625 0.4064564 0.1241212625 0.41822712968750003 0.0926948265625 0.4489156296875 0.08359045781249999 0.4784482109375 0.0834574734375 0.500471096875 0.0921894828125 0.5326026015624999 0.1054337828125 0.55657468125
2 0.11549564375000002 0.36847731562499997 0.151062009375 0.3912934734375 0.2045445484375 0.403494825 0.2358114046875 0.3992337875 0.25818666874999996 0.38926871093750004 0.289639703125 0.354175634375 0.2941785875 0.3416116328125 0.29017164218749997 0.266084084375 0.27252144375 0.23265311875 0.237034865625 0.19662322968749998 0.188091215625 0.1718578765625 0.139014578125 0.1691154125 0.098749740625 0.18529071875 0.0762946859375 0.2084695265625 0.062704625 0.24175695312499998 0.06684455624999999 0.2952616125 0.0844681578125 0.33309715624999997 0.11549564375000002 0.36847731562499997