3 0.8800347222222221 0.8147974537037037 0.2399305555555557 0.28718750000000026
3 0.6500173611111111 0.8047685185185184 0.2650347222222223 0.28158564814814824
3 0.3941493055555555 0.7953819444444444 0.27923611111111113 0.2892939814814815
3 0.1580902777777778 0.8005208333333333 0.26055555555555554 0.2904745370370371
3 0.8690885416666667 0.5740624999999999 0.26182291666666657 0.3028703703703705
3 0.6243055555555556 0.559693287037037 0.2688194444444445 0.3115972222222222
3 0.3708854166666667 0.5552372685185185 0.27624999999999994 0.29521990740740733
3 0.13692708333333334 0.549681712962963 0.2557291666666667 0.28373842592592596
3 0.11918402777777778 0.31244791666666666 0.23086805555555556 0.28739583333333335
3 0.3530034722222222 0.31175347222222227 0.2699999999999999 0.2945717592592592
3 0.6070659722222222 0.31004050925925924 0.27465277777777786 0.2934953703703703
3 0.8567361111111111 0.3211226851851852 0.27447916666666644 0.2856828703703703