3 0.6912384259259259 0.11923611111111113 0.2956481481481482 0.23847222222222225
3 0.6979513888888889 0.34306134259259263 0.29165509259259254 0.2742476851851852
3 0.7038194444444444 0.5980787037037036 0.2992592592592594 0.2884027777777778
3 0.7234375 0.8318287037037037 0.3005787037037038 0.2696990740740741
3 0.45230902777777776 0.13588541666666668 0.3110069444444445 0.27177083333333335
3 0.4533854166666666 0.3794502314814815 0.32179398148148153 0.2793750000000001
3 0.4634606481481482 0.6312847222222222 0.30677083333333327 0.28539351851851863
3 0.4723668981481481 0.8628530092592592 0.2935763888888889 0.2617939814814815
3 0.23626157407407405 0.8842939814814814 0.2963657407407408 0.2259490740740741
3 0.22035300925925924 0.660630787037037 0.3046064814814815 0.27912037037037046
3 0.20332175925925924 0.40811921296296294 0.3033449074074074 0.28222222222222226
3 0.19912037037037036 0.16009837962962964 0.29724537037037035 0.28369212962962964