3 0.8401909722222222 0.7757175925925927 0.26614583333333347 0.27101851851851855
3 0.5967361111111111 0.774056712962963 0.26736111111111105 0.26328703703703693
3 0.33914930555555556 0.7732291666666666 0.2801388888888889 0.27018518518518525
3 0.11643229166666666 0.7867361111111111 0.23286458333333332 0.27398148148148155
3 0.8430381944444445 0.5354687499999999 0.27614583333333337 0.2855671296296297
3 0.5911284722222222 0.5302372685185185 0.2702430555555555 0.2930555555555555
3 0.33645833333333336 0.5342592592592592 0.27892361111111114 0.2779166666666667
3 0.11447916666666666 0.5360879629629629 0.22895833333333332 0.2659259259259258
3 0.10967013888888888 0.2988425925925926 0.21934027777777776 0.2726851851851852
3 0.33862847222222225 0.2916261574074074 0.2726041666666667 0.27603009259259254
3 0.5951388888888889 0.2814351851851852 0.2772916666666667 0.2762731481481482
3 0.8456250000000001 0.28346064814814814 0.27538194444444447 0.2683796296296297