3 0.76515625 0.7857118055555555 0.293125 0.27798611111111116
3 0.5256770833333333 0.7504687499999999 0.2880208333333334 0.27163194444444444
3 0.27453125 0.7147048611111111 0.30250000000000005 0.2781944444444443
3 0.09067708333333332 0.6960069444444444 0.18135416666666665 0.27986111111111106
3 0.8215625 0.5480902777777777 0.29875000000000007 0.29215277777777776
3 0.5761458333333334 0.5082986111111112 0.29468750000000005 0.301423611111111
3 0.3269791666666667 0.47795138888888894 0.29989583333333336 0.2859375
3 0.11760416666666666 0.44715277777777784 0.23520833333333332 0.2744444444444444
3 0.14036458333333332 0.21222222222222223 0.28072916666666664 0.2809027777777778
3 0.38510416666666664 0.2379513888888889 0.2935416666666667 0.2842361111111111
3 0.6377604166666667 0.2627604166666667 0.29822916666666666 0.28434027777777776
3 0.8600520833333334 0.2983854166666667 0.2555208333333333 0.2755902777777778