2 0.78203125 0.80234375 0.2234375 0.221875
2 0.60078125 0.88359375 0.2328125 0.2265625
2 0.64140625 0.67578125 0.221875 0.2234375
2 0.5359375 0.5171875 0.2375 0.2296875
2 0.43125 0.34375 0.2421875 0.2359375
2 0.89296875 0.3046875 0.190625 0.2296875
2 0.77109375 0.259375 0.2390625 0.240625
2 0.56640625 0.17421875 0.2421875 0.24375
0 0.18359375 0.83828125 0.1765625 0.1796875
0 0.27421875 0.7140625 0.1703125 0.171875
3 0.73203125 0.43046875 0.265625 0.259375
3 0.23515625 0.43359375 0.2578125 0.2609375
3 0.12265625 0.62578125 0.2453125 0.2546875
0 0.43984375 0.76484375 0.21875 0.215625