2 0.6168750000000001 0.7928993055555555 0.22770833333333335 0.227962962962963
2 0.4180729166666667 0.8437037037037036 0.23579861111111117 0.2318981481481483
2 0.5278472222222221 0.6449999999999999 0.224861111111111 0.23076388888888885
2 0.4829513888888889 0.47085069444444444 0.24090277777777783 0.23707175925925927
2 0.4447743055555556 0.28207175925925926 0.24614583333333329 0.24380787037037033
2 0.8843576388888887 0.31776041666666666 0.17711805555555538 0.23355324074074071
2 0.79421875 0.25202546296296297 0.2434375000000001 0.24817129629629625
2 0.6304513888888889 0.13509837962962962 0.24684027777777776 0.2516203703703704
0 0.06519097222222223 0.7334317129629631 0.13038194444444445 0.18576388888888892
0 0.16892361111111112 0.6249421296296296 0.17368055555555556 0.1774652777777778
3 0.6983680555555555 0.41600115740740734 0.27138888888888885 0.26655092592592594
3 0.22907986111111112 0.3400462962962963 0.2624305555555556 0.2702662037037037
3 0.08982638888888889 0.5130381944444444 0.17965277777777777 0.2614236111111111
0 0.3076736111111111 0.7011168981481481 0.22260416666666671 0.22278935185185186