2 0.10161458333333333 0.6514756944444444 0.20322916666666666 0.2529513888888889
2 0.10534722222222222 0.45218749999999996 0.21069444444444443 0.260625
2 0.2578472222222222 0.5868576388888889 0.24145833333333327 0.2502430555555556
2 0.4469444444444445 0.5675868055555556 0.2484027777777779 0.26642361111111124
2 0.6481944444444444 0.5572395833333333 0.25642361111111106 0.2718055555555555
2 0.48572916666666666 0.9369444444444444 0.2415972222222223 0.12611111111111128
2 0.578125 0.88203125 0.2578472222222222 0.2359375
2 0.7436284722222222 0.7571006944444444 0.26430555555555557 0.2740625
0 0.3080034722222222 0.11130208333333333 0.1933680555555556 0.18371527777777774
0 0.38135416666666666 0.24331597222222223 0.18597222222222226 0.19239583333333332
3 0.44052083333333336 0.7827083333333333 0.2809722222222222 0.29888888888888887
3 0.6523090277777778 0.3411284722222222 0.28218749999999987 0.2912152777777778
3 0.5269270833333334 0.16213541666666667 0.2742708333333333 0.2531597222222222
0 0.2653298611111111 0.3655555555555556 0.23350694444444448 0.2464236111111111