2 0.20706018518518515 0.7575057870370371 0.21730324074074076 0.21716435185185184
2 0.13142361111111112 0.5725868055555555 0.22222222222222224 0.22348379629629633
2 0.3381365740740741 0.6242418981481481 0.22025462962962966 0.21252314814814816
2 0.4994791666666666 0.5272685185185185 0.22552083333333323 0.22821759259259267
2 0.6765335648148147 0.43240740740740746 0.23194444444444445 0.23299768518518515
2 0.7007233796296297 0.8955844907407406 0.22690972222222233 0.181388888888889
2 0.7502314814814814 0.7760358796296296 0.2349537037037038 0.22991898148148132
2 0.8421296296296298 0.5769097222222223 0.2397569444444443 0.233113425925926
0 0.19033564814814813 0.1582060185185185 0.17806712962962967 0.16973379629629629
0 0.3119791666666667 0.25567708333333333 0.1684606481481481 0.16334490740740737
3 0.5804108796296297 0.7285243055555556 0.2546875 0.2567592592592593
3 0.5940682870370371 0.2319560185185185 0.25746527777777783 0.24743055555555554
3 0.40503472222222225 0.11277199074074074 0.25069444444444444 0.22554398148148147
0 0.2562210648148148 0.4175289351851852 0.21238425925925924 0.21084490740740733