2 0.28014467592592596 0.13255208333333332 0.19831018518518517 0.20541666666666666
2 0.4734490740740741 0.09015335648148148 0.20614583333333325 0.18030671296296297
2 0.39230324074074074 0.27740162037037036 0.19520833333333326 0.20835648148148148
2 0.4652256944444444 0.44800347222222225 0.2108564814814816 0.21240740740740732
2 0.5325636574074074 0.6345543981481482 0.21402777777777776 0.21884259259259267
2 0.07622685185185185 0.6117766203703704 0.1524537037037037 0.21707175925925917
2 0.18321180555555555 0.6732175925925926 0.2109259259259259 0.22178240740740734
2 0.3666782407407407 0.7849479166666666 0.21408564814814818 0.22665509259259267
0 0.8733101851851852 0.17627314814814815 0.15586805555555544 0.16854166666666667
0 0.7600347222222222 0.28762731481481485 0.15112268518518518 0.16045138888888885
3 0.25471064814814814 0.5088946759259259 0.23605324074074074 0.24045138888888892
3 0.7423090277777777 0.5721469907407407 0.228263888888889 0.24311342592592594
3 0.8904282407407408 0.39547453703703705 0.21416666666666656 0.23759259259259258
0 0.608292824074074 0.2154050925925926 0.19358796296296282 0.2004513888888889