2 0.275 0.153125 0.19453125 0.190625
2 0.4671875 0.1046875 0.2015625 0.19296875
2 0.39140625 0.30234375 0.19140625 0.19296875
2 0.46796875 0.4765625 0.20546875 0.196875
2 0.540625 0.665625 0.20859375 0.20390625
2 0.07890625 0.62421875 0.1578125 0.2046875
2 0.19140625 0.68984375 0.20546875 0.20703125
2 0.378125 0.809375 0.209375 0.2109375
0 0.8703125 0.221875 0.1515625 0.15703125
0 0.759375 0.328125 0.146875 0.1484375
3 0.259375 0.528125 0.23046875 0.221875
3 0.74921875 0.61171875 0.22109375 0.2265625
3 0.89453125 0.44140625 0.2109375 0.221875
0 0.60546875 0.25 0.1890625 0.1859375