2 0.26875 0.15703125 0.196875 0.19375
2 0.46015625 0.10546875 0.2046875 0.196875
2 0.38828125 0.30390625 0.19375 0.196875
2 0.4671875 0.47734375 0.209375 0.2
2 0.54375 0.66484375 0.2125 0.20625
2 0.08125 0.63125 0.1609375 0.2078125
2 0.19453125 0.6953125 0.209375 0.209375
2 0.38359375 0.81171875 0.2125 0.2140625
0 0.865625 0.215625 0.1546875 0.159375
0 0.75625 0.3234375 0.15 0.1515625
3 0.26015625 0.53203125 0.234375 0.2265625
3 0.75078125 0.60703125 0.2265625 0.2296875
3 0.89296875 0.434375 0.2140625 0.225
0 0.60078125 0.2484375 0.1921875 0.1890625