2 0.334375 0.50625 0.14453125 0.21640625
2 0.48984375 0.51640625 0.15859375 0.2140625
2 0.80390625 0.24921875 0.159375 0.2078125
2 0.85390625 0.7546875 0.159375 0.23828125
2 0.7234375 0.8890625 0.1703125 0.20625
2 0.21171875 0.565625 0.15390625 0.22421875
2 0.4921875 0.30546875 0.15390625 0.19921875
3 0.6796875 0.4828125 0.16796875 0.23359375
3 0.50859375 0.77734375 0.16875 0.23515625
3 0.32421875 0.7328125 0.16875 0.2359375
3 0.078125 0.64765625 0.15625 0.25703125
3 0.2046875 0.340625 0.1453125 0.22734375