2 0.519681712962963 0.29344328703703704 0.23145833333333332 0.17289351851851845
2 0.5097337962962963 0.44959490740740743 0.23070601851851844 0.1883912037037037
2 0.776707175925926 0.756568287037037 0.22445601851851862 0.18788194444444456
2 0.27089120370370373 0.8213194444444444 0.254224537037037 0.19186342592592576
2 0.14036458333333332 0.6946585648148148 0.2172106481481481 0.19818287037037036
2 0.4600347222222222 0.17199074074074075 0.24131944444444448 0.1830324074074074
2 0.7205787037037037 0.4457523148148148 0.2163194444444443 0.18099537037037033
3 0.5430960648148149 0.6390914351851851 0.25158564814814816 0.2009837962962962
3 0.24825810185185185 0.4756076388888889 0.25158564814814816 0.20098379629629623
3 0.2927662037037037 0.2899652777777778 0.2531481481481482 0.2011111111111111
3 0.37514467592592593 0.06838541666666667 0.27216435185185184 0.13677083333333334
3 0.6860590277777778 0.15828125 0.24412037037037032 0.17703703703703705
3 0.4081333921875 0.7307165390625 0.4409723953125 0.7151770625 0.43550461093750004 0.70804194375 0.4464522890625 0.7004308609375001 0.42457711875 0.6791841562500001 0.413647609375 0.6539732578125 0.4191396171875 0.61734573125 0.44651890937500005 0.5800835875 0.40822625625000003 0.5629597359375 0.3918128140625 0.5597888125 0.3261509609375 0.5616926734375001 0.3042596390625 0.5696210671874999 0.2659447765625 0.592612975 0.23856548437499997 0.62987511875 0.2385452984375 0.6663439906249999 0.260410375 0.7058251296875 0.30964263281250004 0.7299254421875 0.3369977 0.7364259421875 0.4081333921875 0.7307165390625
3 0.11828837968749999 0.4473742875 0.11829241718750001 0.4400805140625 0.12923807812500002 0.4361163171875 0.13471595625 0.425017 0.1566133328125 0.4061479453125 0.2168154796875 0.38252141875 0.2113517328125 0.368092525 0.17853291875 0.3471631328125 0.17306715625 0.336381125 0.1621275484375 0.3294046625 0.15667793593749998 0.289447559375 0.1512121703125 0.278665553125 0.1348007453125 0.27184774218749996 0.1183873 0.268676821875 0.0910261765625 0.2731169828125 0.08555637499999999 0.2696287515625 0.080082534375 0.27343429218750004 0.052723429687500004 0.27422756718749997 0.0308300890625 0.28580284843750003 0.030745299999999996 0.43897210624999994 0.0416889421875 0.43865479531249996 0.06904199062500001 0.44880218125000004 0.11828837968749999 0.4473742875
3 0.15669004687500002 0.26756623749999997 0.17859146406249998 0.24140340781249997 0.21690834374999998 0.21476461093750002 0.2661607875 0.20239605625 0.3154071765625 0.2009681625 0.315427365625 0.164499290625 0.29355825 0.1323119265625 0.255269634375 0.10789430156249999 0.2333863890625 0.1012351484375 0.21697294375 0.0980642265625 0.1458392703125 0.100126740625 0.1294217859375 0.10424959375000001 0.0801592484375 0.134852584375 0.06373167187499999 0.157209871875 0.058237645312499996 0.1974842828125 0.06916715625 0.22269518281249998 0.1019799125 0.2545652375 0.1402745859375 0.2680422015625 0.15669004687500002 0.26756623749999997
3 0.900817334375 0.318926903125 0.9117629953125 0.31496270625 0.977451090625 0.265649315625 0.9829350265624999 0.2436093375 0.988406846875 0.24345068281249999 0.988412903125 0.23251002031249998 0.9774732984375 0.2255335578125 0.9774773359375001 0.218239784375 0.95013438125 0.18985796093750001 0.9282551703124999 0.1759050328125 0.906371925 0.169245878125 0.8899584812500001 0.16607495625 0.851655734375 0.16718554218749998 0.8188207703125 0.1754312453125 0.7969233906250001 0.1943003 0.77501995625 0.22411001718749998 0.77499573125 0.2678726609375 0.780461496875 0.278654665625 0.80233465 0.3035482578125 0.840627303125 0.32067210625000003 0.900817334375 0.318926903125
3 0.391590746875 0.9609463921874999 0.5174426296875 0.9572973265625 0.5667092078125 0.9194005609375001 0.5667132453125 0.9121067890625 0.577660925 0.9044957046875 0.5831549515625001 0.8642212921875 0.5503482515625 0.821410575 0.5339348078125 0.8182396546874999 0.5175254 0.8077749578125 0.50111195625 0.804604034375 0.42997828125000004 0.8066665499999999 0.40261312031249996 0.8184004859374999 0.364292203125 0.852333053125 0.3478605921875 0.881984115625 0.34785049843750004 0.90021855 0.3533203015625 0.903706784375 0.35330818750000004 0.9255881046875001 0.380649121875 0.9576168140625001 0.391590746875 0.9609463921874999
2 0.741960909375 0.6371601859375 0.7802515421875 0.6579309234374999 0.834969753125 0.6563443734375001 0.8678067359374999 0.6444517828125 0.8951779546875 0.6217771859375001 0.8951840109375 0.6108365234375001 0.906135728125 0.595931665625 0.9061498578125 0.57040345625 0.9006800578125 0.566915225 0.8952183296875 0.54883944375 0.873343159375 0.5275927421875 0.8569297140625001 0.5244218187499999 0.8459901109375 0.5174453546875 0.7967437187499999 0.5188732484374999 0.7748523984375 0.52680164375 0.7420093609375 0.5496348953125 0.7255817828125 0.571992184375 0.7255575578125 0.615754828125 0.7310273609375 0.619243059375 0.7310233234375 0.626536834375 0.741960909375 0.6371601859375
2 1 0.4952716234375 0.9992111921875001 0.49476858124999995 0.9992152296875 0.48747480625 0.9882796640624999 0.47320456718750004 0.960928634375 0.4594102953125 0.92809770625 0.4603622265625 0.92262790625 0.4568739921875 0.9007426390625 0.453861725 0.8952688 0.45766726718750006 0.8843251562500001 0.45798457656249997 0.8514841375 0.4771709421875 0.835056559375 0.49952823124999995 0.8350484843749999 0.514115778125 0.8459921296875 0.51379846875 0.873345178125 0.5239458531250001 0.889750546875 0.5417043265625 0.9061599515625 0.5521690218749999 0.9061559140625001 0.5594627953125 0.9116257171875001 0.562951028125 0.9116115859375 0.5884792359375 0.9389706921875 0.5876859624999999 0.9444445328125 0.5838804203125 0.9663338343750001 0.5795989140625 0.98822919375 0.5643767453125 1 0.5457463359375 1 0.4952716234375
2 1 0.32389999375 0.999306075 0.3233648890625 0.9774228296875 0.316705734375 0.9227046187499999 0.3182922828125 0.8898676359375 0.330184875 0.8865290859374999 0.33161641406250003 0.887860271875 0.3386927796875 0.8811886453125 0.34155570156250004 0.869169134375 0.35791378281249997 0.858480753125 0.3715674375 0.8570104640625 0.3785463375 0.8624661359375001 0.40756277812499997 0.8679359375000001 0.41105100937500005 0.873397665625 0.429126790625 0.9007466765625001 0.4465679515625 0.9226299250000001 0.45322710624999996 0.9499870093749999 0.4560807171875 0.95546085 0.45227517500000003 0.9882937953125 0.44767635781250004 1 0.4421369609375 1 0.32389999375