2 0.334375 0.50625 0.14453125 0.21640625
2 0.48984375 0.51640625 0.15859375 0.2140625
2 0.80390625 0.24921875 0.159375 0.2078125
2 0.85390625 0.7546875 0.159375 0.23828125
2 0.7234375 0.8890625 0.1703125 0.20625
2 0.21171875 0.565625 0.15390625 0.22421875
2 0.4921875 0.30546875 0.15390625 0.19921875
3 0.6796875 0.4828125 0.16796875 0.23359375
3 0.50859375 0.77734375 0.16875 0.23515625
3 0.32421875 0.7328125 0.16875 0.2359375
3 0.07890625 0.65078125 0.15703125 0.25625
3 0.2046875 0.340625 0.1453125 0.22734375
3 0.6254545453125 0.7595628421875 0.6618181812499999 0.7868852453125 0.69818181875 0.7868852453125 0.73818181875 0.765027321875 0.7636363640625 0.7158469953125 0.770909090625 0.6885245906249999 0.7672727265625 0.6174863390625001 0.7527272734375 0.584699453125 0.7454545453125 0.590163934375 0.73818181875 0.5792349734375 0.7163636359375001 0.601092896875 0.690909090625 0.6120218578125 0.6545454546875 0.6065573765625001 0.61818181875 0.5792349734375 0.6 0.6174863390625001 0.5963636359375 0.63387978125 0.5963636359375 0.6994535515625 0.6036363640625 0.721311475 0.6254545453125 0.7595628421875
3 0.30181818125 0.9453551906250001 0.30181818125 0.9726775953125 0.3127272734375 0.99453551875 0.4654545453125 0.99453551875 0.4654545453125 0.9836065578125 0.4763636359375 0.9562841531249999 0.4763636359375 0.9071038250000001 0.46909090937500003 0.9071038250000001 0.4654545453125 0.8961748640625 0.45454545468749996 0.8907103828125 0.43636363593749994 0.868852459375 0.41454545468750004 0.8087431687500001 0.4 0.81420765 0.37818181875 0.8469945359375 0.3672727265625 0.8524590156249999 0.36 0.863387978125 0.32 0.868852459375 0.309090909375 0.8743169406250001 0.30181818125 0.8907103828125 0.29818181875 0.9071038250000001 0.30181818125 0.9344262296875 0.29818181875 0.9398907109374999 0.30181818125 0.9453551906250001
3 0.16363636406249998 0.9453551906250001 0.1854545453125 0.961748634375 0.2254545453125 0.9672131140625 0.250909090625 0.9562841531249999 0.28363636406250003 0.9234972671874999 0.29818181875 0.8852459015624999 0.29818181875 0.868852459375 0.27272727343750003 0.8469945359375 0.24727272656250002 0.8087431687500001 0.2363636359375 0.7595628421875 0.2363636359375 0.7103825140625 0.2 0.7103825140625 0.1672727265625 0.7322404375 0.14181818125 0.770491803125 0.1345454546875 0.7923497265624999 0.130909090625 0.8087431687500001 0.130909090625 0.8797814203125001 0.1345454546875 0.8961748640625 0.16363636406249998 0.9453551906250001
3 0.24363636406250003 0.229508196875 0.27272727343750003 0.2513661203125 0.3163636359375 0.2513661203125 0.3272727265625 0.2459016390625 0.3527272734375 0.224043715625 0.370909090625 0.18579235 0.370909090625 0.125683059375 0.3672727265625 0.1147540984375 0.32 0.049180328125 0.29818181875 0.043715846875 0.29818181875 0.038251365625 0.2872727265625 0.038251365625 0.27999999999999997 0.049180328125 0.27272727343750003 0.049180328125 0.24363636406250003 0.0765027328125 0.22909090937499998 0.09836065625 0.22181818125000002 0.12021857968750001 0.21818181874999998 0.136612021875 0.21818181874999998 0.1748633875 0.2254545453125 0.2076502734375 0.24363636406250003 0.229508196875
3 0.8872727265625 0.6612021859375 0.9163636359374999 0.677595628125 0.9345454546875 0.677595628125 0.9381818187500001 0.672131146875 0.96 0.672131146875 0.9927272734375 0.64480874375 0.9963636359375 0.63387978125 0.9963636359375 0.508196721875 0.96 0.45901639375 0.9527272734375 0.45901639375 0.9454545453125001 0.44808743125 0.9054545453125 0.4426229515625 0.86181818125 0.47540983593749997 0.85818181875 0.491803278125 0.8472727265625 0.508196721875 0.8436363640625 0.5245901640625 0.8436363640625 0.595628415625 0.8545454546875 0.6229508203125 0.8872727265625 0.6612021859375
2 0.5745454546875 0.2513661203125 0.5963636359375 0.2841530046875 0.61818181875 0.3005464484375 0.6618181812499999 0.3005464484375 0.6654545453125 0.2950819671875 0.6727272734375 0.2950819671875 0.6836363640625 0.2841530046875 0.7054545453125 0.2459016390625 0.7054545453125 0.19125683124999998 0.6945454546875001 0.1584699453125 0.6727272734375 0.131147540625 0.6618181812499999 0.131147540625 0.6472727265625 0.12021857968750001 0.62181818125 0.12021857968750001 0.61818181875 0.125683059375 0.6 0.131147540625 0.57818181875 0.15300546406249999 0.5745454546875 0.1693989078125 0.5672727265625 0.18032786875 0.5672727265625 0.229508196875 0.5745454546875 0.2513661203125
2 0.509090909375 0.131147540625 0.509090909375 0.142076503125 0.5272727265625 0.1748633875 0.549090909375 0.19125683124999998 0.5636363640625001 0.19125683124999998 0.5636363640625001 0.18032786875 0.5745454546875 0.15300546406249999 0.5927272734375 0.136612021875 0.6036363640625 0.12021857968750001 0.610909090625 0.12021857968750001 0.6145454546875 0.1147540984375 0.64 0.1147540984375 0.64 0.08743169375 0.6363636359375 0.0819672125 0.6327272734375 0.0601092890625 0.61818181875 0.038251365625 0.5927272734375 0.0218579234375 0.5527272734374999 0.0218579234375 0.549090909375 0.027322404687500003 0.54181818125 0.027322404687500003 0.5272727265625 0.038251365625 0.5127272734375 0.0655737703125 0.5127272734375 0.09836065625 0.509090909375 0.10382513593750001 0.5054545453125 0.125683059375 0.509090909375 0.131147540625
2 0.4 0 0.37818181875 0.027322404687500003 0.370909090625 0.049180328125 0.370909090625 0.10382513593750001 0.38181818125 0.136612021875 0.383149090625 0.1399453546875 0.3902436359375 0.138612021875 0.39290545468750004 0.1452732234375 0.408869090625 0.15726775937499998 0.4221745453125 0.1679344265625 0.429090909375 0.1693989078125 0.45818181874999997 0.16393442656249999 0.46181818124999996 0.1584699453125 0.48 0.15300546406249999 0.49818181875 0.125683059375 0.5054545453125 0.10382513593750001 0.509090909375 0.0765027328125 0.5054545453125 0.0710382515625 0.50181818125 0.038251365625 0.4945454546875 0.0218579234375 0.4763636359375 0 0.4 0