2 0.687326388888889 0.5129340277777777 0.16135416666666663 0.22592592592592595
2 0.5308680555555556 0.5024594907407407 0.17690972222222215 0.2249421296296296
2 0.23850694444444445 0.7685185185185185 0.1766319444444444 0.21869212962962975
2 0.14895833333333336 0.26290509259259254 0.17802083333333335 0.24994212962962958
2 0.2685590277777778 0.1285011574074074 0.1875694444444445 0.21909722222222222
2 0.8047916666666668 0.45332754629629635 0.17114583333333327 0.2356481481481481
2 0.5456770833333333 0.712818287037037 0.16847222222222236 0.21059027777777786
3 0.34435763888888893 0.535329861111111 0.18725694444444443 0.2471643518518519
3 0.4919618055555556 0.24129050925925927 0.18725694444444443 0.2471643518518519
3 0.6787847222222222 0.28564814814814815 0.18732638888888892 0.2487268518518518
3 0.9209375 0.368287037037037 0.15812500000000007 0.26707175925925936
3 0.8296354166666667 0.6788773148148148 0.1634722222222223 0.23848379629629618
3 0.2701464015625 0.42777383437500005 0.27827026875 0.43872564687500004 0.298307615625 0.41689893125 0.3228403234375 0.40601633593750003 0.35955882968749997 0.411561459375 0.3980110375 0.43897944375 0.41311960000000003 0.40074039062500005 0.41544783281250003 0.3843434375 0.4102467265625 0.318724853125 0.40125600781250004 0.296836609375 0.3764509796875 0.25851295625000004 0.337998771875 0.2310949734375 0.30171368906249996 0.2310180640625 0.2635338015625 0.25280632812500003 0.2420350734375 0.30196642812499996 0.23694518593749997 0.329292121875 0.2462082265625 0.4003866125 0.2633228109375 0.43322666875 0.2701464015625 0.42777383437500005
3 0.513517325 0.11118646875 0.5207743421875 0.11120185 0.5252697015625001 0.12214597187500001 0.53658865 0.1276372578125 0.5564648937500001 0.1495485734375 0.5830036234375 0.20974508906249997 0.5970842296875001 0.2043076375 0.6162547234375 0.1715444890625 0.6267068250000001 0.166099346875 0.6330969890625 0.155178296875 0.6725771546875 0.14979468125 0.683029253125 0.14434953749999999 0.6889859921875 0.1279602734375 0.6913142234375 0.11156331875 0.6855185890625 0.08421455156249999 0.6887136703125 0.078754028125 0.6846517390625 0.073278121875 0.6824846109375 0.0459370453125 0.670318078125 0.024826595312499998 0.6478501359375 0.02399445 0.5174680421875 0.023718096875 0.5183348921875 0.034654526562499996 0.509616496875 0.06197253125 0.513517325 0.11118646875
3 0.7499149984375 0.2100988671875 0.7647013515625 0.2593358765625 0.76860218125 0.3085498140625 0.8048872625 0.30862672343750003 0.8358101343750001 0.2868230796875 0.8581757124999999 0.2485994078125 0.8636990265625 0.2267419296875 0.8660272578124999 0.21034497343749997 0.8603927265625 0.13925817499999998 0.8554639421875001 0.12284583593750001 0.8225350468749999 0.0735703734375 0.799463721875 0.057119581249999996 0.75911670625 0.051566768750000005 0.7345840015625 0.06244936250000001 0.7045279796874999 0.0951894375 0.6930479265625 0.1334361796875 0.6943482015625 0.1498408265625 0.7214814609375 0.17176752343749999 0.7499149984375 0.2100988671875
3 0.737590978125 0.970026978125 0.759795453125 0.9755413374999999 0.7602288781250001 0.9810095531249999 0.7711144046875 0.9810326265624999 0.7775045671874999 0.970111575 0.784761584375 0.9701269578125 0.811622521875 0.9428474078125 0.8244028515625 0.921005309375 0.8299261687499999 0.89914783125 0.8322543984375 0.8827508765625 0.8292204203125 0.8444733703124999 0.8193628515625001 0.8116486953125 0.7994866078125 0.7897373796875 0.768724840625 0.7678029921875 0.72518274375 0.7677107015625 0.7147306453125 0.7731558453125 0.6910647890625 0.7949748703124999 0.675956228125 0.8332139234374999 0.6807239093749999 0.8933642921875 0.6852192687499999 0.9043084125 0.737590978125 0.970026978125
3 0.0818475171875 0.5695244374999999 0.12219453281249999 0.57507725 0.1631360765625 0.54236025 0.16546430781250002 0.5259632953125 0.1750495578125 0.5095817203124999 0.1773777875 0.493184765625 0.17174325625 0.4220979671875 0.15869060468750001 0.3947338171875 0.123000053125 0.35638709375 0.0926717109375 0.3399209203125 0.0745291703125 0.3398824671875 0.0713340875 0.34534299218750003 0.049563040625 0.345296846875 0.0190735921875 0.37256870468750003 0.016934784375 0.3810326421875 0.017979209375 0.40453221875 0.026280723437499997 0.509266396875 0.066466634375 0.5585572437499999 0.07372365 0.5585726249999999 0.0818475171875 0.5695244374999999
2 0.34170005312499996 0.8270381515624999 0.35518613125 0.859870515625 0.37912430625 0.8872577375 0.3900098328125 0.8872808093750001 0.405390715625 0.8982480046875001 0.43079027343750004 0.8983018390625 0.43398535312500003 0.892841315625 0.4516944703125 0.8874115546875 0.471731815625 0.8655848374999999 0.47406004843750005 0.8491878828124999 0.4804502140625 0.8382668328125 0.476549384375 0.7890528953125 0.46755866562500004 0.767164653125 0.4431870640625 0.7343092171875 0.42011573750000003 0.717858425 0.376573640625 0.7177661359374999 0.3733785578125 0.7232266593750001 0.366121540625 0.723211278125 0.3561028671875 0.7341246359375 0.3373657984375 0.7723559984375 0.34170005312499996 0.8270381515624999
2 0.4489328125 0.8983402937499999 0.44167579687499997 0.8983249109375 0.4384807125 0.9037854359375 0.41308115624999997 0.9037316015625001 0.41524828437499994 0.931072678125 0.41931021875 0.9365485843749999 0.42467242812499995 0.9584291359374999 0.44092016093749997 0.9803327609375 0.4676199953125 0.9967912421875 0.507533584375 0.996875840625 0.51072866875 0.9914153171875 0.5179856843749999 0.991430696875 0.5316328671874999 0.98052503125 0.5439797703125 0.9532147171875 0.5413792171875 0.920405425 0.5445743000000001 0.9149449015625001 0.54646910625 0.89307973125 0.5424071734375 0.887603825 0.541540321875 0.87666739375 0.520797228125 0.8438196484375 0.497725903125 0.82736885625 0.4832118703125 0.8273380921875001 0.484078721875 0.8382745249999999 0.4753603234375 0.8655925281249999 0.45851805937499995 0.8819587203125 0.4489328125 0.8983402937499999
2 0.675362425 1 0.68126855 0.9917767843749999 0.6867918656249999 0.9699193062499999 0.682457609375 0.9152371531249999 0.6689715328125 0.8824047890625 0.667379109375 0.8790663625 0.6604056468749999 0.8803856031249999 0.65722123125 0.87371421875 0.6403407125 0.861677721875 0.6262179546875 0.850975625 0.6192003734375 0.849495515625 0.590605734375 0.8549022031250001 0.5874106515624999 0.8603627296875 0.5697015359375001 0.8657924890625001 0.5537261234375 0.8930951125 0.548202809375 0.9149525921875 0.546741428125 0.9422859765625 0.5508033625000001 0.9477618828125 0.5570324249999999 0.9805788671875 0.565589715625 0.9969988937500001 0.5683120859375 1 0.675362425 1