2 0.4709432870370371 0.32970486111111114 0.23249999999999993 0.17217592592592598
2 0.4791666666666667 0.4850347222222222 0.23261574074074076 0.18780092592592598
2 0.7802256944444445 0.7594502314814815 0.22635416666666686 0.1861458333333335
2 0.2840914351851852 0.8777256944444444 0.25607638888888884 0.1912731481481483
2 0.13570601851851852 0.7674363425925926 0.22643518518518518 0.19708333333333333
2 0.3983564814814815 0.21594907407407407 0.24351851851851852 0.183275462962963
2 0.6887152777777777 0.45849537037037036 0.21849537037037034 0.17978009259259248
3 0.5340509259259258 0.6685763888888889 0.2545717592592592 0.19906250000000014
3 0.2217650462962963 0.5388425925925926 0.25457175925925923 0.19906249999999998
3 0.24503472222222222 0.35023726851851855 0.25614583333333335 0.20064814814814813
3 0.29847222222222225 0.09634837962962964 0.27481481481481485 0.1899884259259259
3 0.6204861111111111 0.17828703703703702 0.2450231481481481 0.17548611111111115
3 0.4348317921875 0.748088421875 0.444856303125 0.7393904265625 0.42064301718749997 0.7207594828125 0.40687067031249996 0.6970332390625 0.40813509375 0.66026 0.4311142453125 0.62050154375 0.39103133749999996 0.6077122078125 0.374328865625 0.606348428125 0.30918467656250004 0.6153040828125 0.2883027984375 0.6254946875 0.2528005765625 0.6523349796875 0.229821425 0.6920934359375 0.23398568593750002 0.728120371875 0.2602811015625 0.7647647796875 0.3120542234375 0.78326689375 0.3400304890625 0.7867407562500001 0.410186934375 0.7734361015625 0.4410933265625 0.7545475046875 0.4348317921875 0.748088421875
3 0 0.516871209375 0.0010444890625 0.5259075656250001 0.011901853125 0.5244149578124999 0.04029454375 0.5314915140625 0.0891526859375 0.5247747734375 0.08831983437499999 0.5175693875 0.098760771875 0.512474084375 0.102940175 0.5009197000000001 0.12257277656250001 0.4799210140625 0.179789728125 0.45009550468750004 0.172695340625 0.43643103437499997 0.1376246890625 0.419292703125 0.13094673125 0.40923092656250004 0.1192565125 0.40351815 0.10924714375 0.3646348265625 0.1025691828125 0.35457305156249996 0.08545028437499999 0.3496065765625 0.0687478109375 0.3482427984375 0.042020825 0.3555770140625 0.036175715625 0.3527206265625 0.031163460937499998 0.35706962343750004 0.0040200484375 0.3608011453125 0 0.3635105765625 0 0.516871209375
3 0.16063413124999998 0.284371609375 0.2082429953125 0.26684678906250003 0.25710113749999997 0.26013004687499997 0.2529368765625 0.2241031125 0.22747431406250002 0.1946640890625 0.1865585546875 0.17466936718749998 0.16401097343749999 0.1704492015625 0.1473085 0.1690854203125 0.0767356265625 0.1787873796875 0.060866004687499996 0.1846289875 0.0153392734375 0.22016727500000002 0.0015517796875 0.2440223484375 0.000703784375 0.28439827968750003 0.0144761296875 0.308124525 0.0507960609375 0.3360709375 0.0904625421875 0.34525758125 0.1067485875 0.3430186671875 0.1255483359375 0.3148145953125 0.16063413124999998 0.284371609375
3 0.9235495109375 0.25268914531250003 0.9264796375 0.23032668125 0.9319083203125 0.22958037656250002 0.9306590421875001 0.21877229531250003 0.918968825 0.21305951875 0.9181359734375001 0.2058541328125 0.8876611515624999 0.18076410781250002 0.8642807187500001 0.16933855312499999 0.8417331375 0.1651183828125 0.8250306640625 0.163754603125 0.7870298874999999 0.168978734375 0.75529064375 0.18066195000000002 0.73565804375 0.2016606359375 0.717274721875 0.2334674015625 0.7222718343750001 0.2766997203125 0.7289497953125 0.2867614953125 0.75357950625 0.3089951328125 0.7936624125 0.321784465625 0.8533779203125 0.313575115625 0.863818859375 0.30847981406249997 0.9235495109375 0.25268914531250003
3 0.598880965625 0.9268326374999999 0.5997289609374999 0.8864567062500001 0.5621597546875 0.8477022125 0.54545728125 0.846338434375 0.5279219546875 0.8377692671875 0.5112194828125001 0.8364054875000001 0.440646609375 0.8461074468750001 0.41475247499999995 0.8606470500000001 0.3804995328125 0.8982954218750001 0.36754489375 0.9293558828125 0.369627025 0.9473693484375 0.3754721328125 0.9502257375 0.3779706890625 0.9718418984375001 0.401760140625 0.9939382578125 0.49333568281250006 0.992581584375 0.544995421875 0.9854796953125 0.589689303125 0.9427360218749999 0.5888564515625 0.935530634375 0.598880965625 0.9268326374999999
2 0.8265449234375 0.6539785609375001 0.8578677406249999 0.6386926546875 0.8825125968749999 0.6133449718749999 0.88126331875 0.6025368906249999 0.890454978125 0.5866335078125 0.887539996875 0.5614146546875001 0.8816948890624999 0.5585582671875 0.8741840765625 0.5412911031250001 0.849970790625 0.5226601625 0.833268315625 0.52129638125 0.8215781 0.515583603125 0.7727199578125 0.5223003453125 0.7518380812500001 0.53249095 0.72176454375 0.5585849374999999 0.70797705 0.5824400125 0.7129741625 0.62567233125 0.7188192718749999 0.628528721875 0.7196521234375 0.6357341078125 0.731758765625 0.645049578125 0.7722581 0.66144160625 0.8265449234375 0.6539785609375001
2 0.8854578671875 0.5434011890625 0.88629071875 0.550606575 0.8921358265625001 0.553462965625 0.895050809375 0.57868181875 0.922194221875 0.5749502953125 0.927206478125 0.5706012968749999 0.9485047812499999 0.5640133875 0.9685538078124999 0.54661739375 0.9819248734375 0.5191596265625 0.9773441875 0.47953000156250003 0.971499078125 0.47667361093749994 0.9706662265625001 0.46946822343749994 0.9581431578125 0.45655005937500004 0.9293340421874999 0.445870809375 0.896761946875 0.45034863593749996 0.890916840625 0.447492246875 0.8687856843749999 0.446874771875 0.8637734265624999 0.4512237703125 0.8529160609374999 0.452716378125 0.822426096875 0.47520767187499996 0.8086386046875 0.49906274687499996 0.8103043078125 0.5134735218750001 0.8211616749999999 0.5119809109375 0.849554365625 0.51905746875 0.8679225421875 0.534832021875 0.8854578671875 0.5434011890625
2 0.8427477953125001 0.33449639375 0.8364350546875 0.3380433109375 0.8263472078125 0.35549727343750004 0.8172741218749999 0.37013631406249997 0.8166112765625 0.377188646875 0.8253713671874999 0.405263890625 0.8312164765625001 0.408120278125 0.8387272890625 0.42538744062499995 0.86795283125 0.43966938437499997 0.8905004125 0.443889553125 0.9180602500000001 0.4437607234375 0.9230725078124999 0.4394117265625 0.9552281765625 0.43133120625 0.970681371875 0.42188690624999997 0.9903139718749999 0.40088822031250004 0.9815690265624999 0.32523165781249996 0.95192705625 0.30734702187499996 0.929379475 0.303126853125 0.8750926515625 0.310589896875 0.843769834375 0.3258758046875 0.84061075 0.3276496375 0.8427477953125001 0.33449639375