2 0.6570023148148149 0.5503472222222221 0.16902777777777764 0.24809027777777787
2 0.5014409722222222 0.5393229166666667 0.18465277777777783 0.24982638888888892
2 0.21264467592592595 0.8061631944444445 0.18299768518518517 0.24340277777777786
2 0.11689236111111109 0.2970486111111111 0.18658564814814813 0.275
2 0.23547453703703702 0.16310763888888888 0.19393518518518518 0.24461805555555555
2 0.7736921296296296 0.4913194444444445 0.18010416666666665 0.2586805555555555
2 0.5178587962962963 0.7516493055555555 0.1766319444444445 0.23489583333333322
3 0.3154976851851852 0.571875 0.1958912037037038 0.2713541666666666
3 0.45916666666666667 0.2763888888888889 0.19589120370370364 0.2713541666666667
3 0.6470775462962963 0.32230902777777776 0.1959143518518518 0.2729166666666666
3 0.898587962962963 0.4065972222222222 0.18684027777777779 0.2921875
3 0.8008622685185186 0.7173611111111111 0.17233796296296297 0.2609375
3 0.21582046093749999 0.4357516203125 0.2332528484375 0.4688265875 0.24000631718749998 0.463372021875 0.248231828125 0.4744114921875 0.2680015484375 0.4525497859375 0.2923747046875 0.44170582812500003 0.32908613125 0.447421075 0.36776028437499997 0.47512836875 0.38243588281249996 0.436750903125 0.3845859125 0.42027859218749997 0.378697728125 0.35430245 0.36949085 0.3322669546875 0.34432363125 0.2936505296875 0.3056494765625 0.26594323750000004 0.26942873125 0.2657260015625 0.23154864062499997 0.287479090625 0.21061025781249998 0.33680913125 0.2058195203125 0.36425574374999997 0.21582046093749999 0.4357516203125
3 0.48357694375 0.0691878796875 0.47516412968750005 0.09661276875 0.4795802671875 0.146094875 0.486824415625 0.1461383234375 0.4914278546875 0.1571560703125 0.502784759375 0.1627192515625 0.5228578609375 0.1848199171875 0.5499878078125 0.24542838906250003 0.563985425 0.2400172703125 0.582773778125 0.20715954062500003 0.5931493203125 0.20172669999999998 0.5994121046875 0.1907741234375 0.6387642421875 0.1855150703125 0.6491397812499999 0.18008222812500002 0.6549118859374999 0.1636316390625 0.6570619125 0.14715932812500002 0.6509864296875 0.11964754375 0.654117821875 0.11417125624999999 0.650005065625 0.108651521875 0.64755165625 0.0811614625 0.6418240328125 0.07131378125 0.5260735609375 0.0584526171875 0.4825955796875 0.058191857812500004 0.48357694375 0.0691878796875
3 0.6604966875 0.1856454109375 0.6878139359375 0.20778952187500002 0.7166032328124999 0.24642767187499998 0.7318855937500001 0.29597494687500003 0.73630173125 0.3454570546875 0.7725224749999999 0.34567428906250003 0.8031584171875 0.3238777546875 0.8250781640625 0.28554373593750004 0.8303595843749999 0.2635951359375 0.8325096140625 0.247122825 0.8261307468749999 0.1756486703125 0.8210366265625 0.15913291093749998 0.78764389375 0.10947701562500001 0.7644394015625 0.09285263906249999 0.7241059 0.08711566875 0.69973274375 0.097959628125 0.670078165625 0.1307521875 0.659024640625 0.1691513765625 0.6604966875 0.1856454109375
3 0.76964793125 1 0.78597669375 0.98318298125 0.7985022625 0.9612778296875 0.8037836859375 0.9393292296875 0.8059337125000001 0.9228569171875 0.8024989390625 0.8843708359375 0.7923106984375 0.851339315625 0.7722375984375 0.82923865 0.7412982734375 0.807072815625 0.6978333812499999 0.8068121328125001 0.6874578421875001 0.8122449749999999 0.664066046875 0.8340849562500001 0.6493904484375 0.872462421875 0.6547879515624999 0.932940553125 0.659391390625 0.9439583 0.70419795 1 0.76964793125 1
3 0 0.5474700125 0.03808029375 0.59404261875 0.0453244421875 0.594086065625 0.0535499546875 0.6051255375 0.09388345625 0.6108625062499999 0.1344042578125 0.5781351171875 0.136554284375 0.56166280625 0.1459484640625 0.545233940625 0.1480984890625 0.5287616296875 0.141719625 0.45728747500000005 0.12839999062500002 0.4297322453125 0.0923665484375 0.39105065 0.06191790781249999 0.374382828125 0.043807534375 0.374274209375 0.0406761421875 0.37975049843750003 0.0189436953125 0.37962015625 0 0.396772425 0 0.5474700125
2 0.3290597734375 0.7716299859375 0.3107621015625 0.8099857281249999 0.3156689203125 0.8649658453125 0.3294792359375 0.8980190875 0.35366509218750003 0.9256394890624999 0.36453131562499996 0.9257046593749999 0.380000978125 0.9367875765625 0.40535550000000004 0.9369396406250001 0.408486890625 0.9314633546875 0.4261065796875 0.9260739593749999 0.44587629843750004 0.904212253125 0.448026328125 0.887739940625 0.45428911406249994 0.8767873640625 0.44987297656249997 0.8273052578125 0.4406660984375 0.8052697625 0.4159895609375 0.7721513515625 0.3927850671875 0.7555269734375 0.3493201734375 0.7552662906250001 0.34618878125 0.7607425796875 0.33894463125 0.7606991328125 0.3290597734375 0.7716299859375
2 0.5156620968750001 1 0.5189245515625001 0.992571465625 0.5159804578125 0.95958339375 0.51911185 0.9541071078125001 0.520771196875 0.9321367828125 0.516658440625 0.9266170468749999 0.5156770765625 0.9156210234375 0.49462261406249997 0.882524334375 0.4714181203125 0.8658999578125 0.4569298234375 0.8658130640625 0.4579111875 0.8768090875000001 0.44949837343750004 0.9042339765625 0.432860046875 0.92061939375 0.42346586875 0.9370482578124999 0.4162217234375 0.9370048125 0.41309032968750004 0.9424811015625 0.3877358078125 0.942329034375 0.39018921875 0.9698190953125 0.39430197499999997 0.97533883125 0.3998867765625 0.9973526015624999 0.401859353125 1 0.5156620968750001 1
2 0.6607728171875 1 0.6567506796875 0.9549326 0.642940365625 0.921879359375 0.6413153687500001 0.918517621875 0.6343684281249999 0.9198167515625 0.631118928125 0.9130987749999999 0.614140975 0.900935271875 0.59992999375 0.8901236656249999 0.5929093046875 0.8886088796875 0.564423390625 0.8939331046874999 0.561292 0.8994093937500001 0.543672309375 0.9047987875000001 0.5280153453125 0.9321802312499999 0.522733925 0.9541288296875001 0.5215652609375 0.981597165625 0.5256780171875 0.9871169 0.52824066875 1 0.6607728171875 1