3 0.8496354166666666 0.06973958333333333 0.2057291666666668 0.13947916666666665
3 0.86015625 0.20234375 0.1921875 0.15010416666666665
3 0.4963020833333333 0.24786458333333333 0.1977083333333333 0.16284722222222223
3 0.35088541666666667 0.38318865740740743 0.21593750000000006 0.15600694444444443
3 0.14359375000000002 0.28418402777777774 0.1871875 0.1685300925925926
3 0.12666666666666665 0.14787037037037037 0.21968750000000004 0.1655439814814815
3 0.1903125 0.5263541666666667 0.19479166666666664 0.14245370370370375
3 0.5284375000000001 0.6240625 0.17624999999999993 0.14460648148148145
3 0.35546875 0.6283275462962964 0.18635416666666665 0.132673611111111
3 0.3648958333333333 0.5110300925925926 0.1951041666666667 0.14714120370370373
3 0.6956249999999999 0.7212268518518519 0.1734375 0.12577546296296305
3 0.5653116796875 0.3277384953125 0.50231603125 0.323739946875 0.45022563125000004 0.3613291703125 0.4457765453125 0.404795528125 0.4873904609375 0.442626125 0.5600962265625 0.441534646875 0.6065424125 0.40073398750000006 0.606399490625 0.361731459375 0.5653116796875 0.3277384953125
3 0.690159603125 0.023715354687500002 0.633860378125 0.0306035109375 0.582822184375 0.075868 0.584543415625 0.1263834296875 0.6471558796875 0.16554687343750002 0.70857321875 0.158032521875 0.7544933 0.11339422968749999 0.7460756484375 0.05199209375 0.690159603125 0.023715354687500002
3 0.2375578671875 0.5941549484374999 0.1699702125 0.59462023125 0.1316558375 0.6188179671875 0.12720674999999998 0.662284325 0.1682945625 0.6962772859374999 0.2410003296875 0.6951858078125001 0.2736704890625 0.6677766375 0.2724753609375 0.6210988421875 0.2375578671875 0.5941549484374999