3 0.1296875 0.875 0.18515625 0.14375
3 0.1390625 0.72890625 0.17578125 0.12734375
3 0.50625 0.728125 0.17734375 0.140625
3 0.66875 0.61171875 0.19609375 0.13125
3 0.86015625 0.73515625 0.16640625 0.1484375
3 0.85859375 0.871875 0.19921875 0.13984375
3 0.846875 0.48984375 0.17890625 0.1203125
3 0.525 0.35234375 0.159375 0.12421875
3 0.696875 0.36875 0.16953125 0.11328125
3 0.671875 0.48359375 0.17890625 0.12578125
3 0.37265625 0.2359375 0.16015625 0.10703125
3 0.567010309375 0.6216216218749999 0.5773195875 0.5791505796875 0.5412371140625 0.5366795359375 0.469072165625 0.5289575296875 0.4175257734375 0.5637065640625 0.412371134375 0.6023166015625 0.4484536078125 0.640926640625 0.510309278125 0.652509653125 0.567010309375 0.6216216218749999
3 0.3969072171875 0.8880308875 0.40206185625 0.8378378375000001 0.345360825 0.7915057921875001 0.2835051546875 0.7915057921875001 0.2319587625 0.8301158296875 0.2319587625 0.8918918921874999 0.2835051546875 0.9266409265625001 0.34020618593749996 0.9266409265625001 0.3969072171875 0.8880308875
3 0.9175257734375 0.40540540468749997 0.9278350515625 0.3629343625 0.8917525765625 0.32432432499999997 0.819587628125 0.3166023171875 0.7835051546875 0.33976833906250004 0.778350515625 0.38610038593749996 0.8092783499999999 0.4169884171875 0.876288659375 0.42471042499999995 0.9175257734375 0.40540540468749997