3 0.13675925925925927 0.9059722222222224 0.19445601851851851 0.16878472222222243
3 0.14048611111111112 0.7600057870370371 0.18328703703703703 0.15226851851851855
3 0.507193287037037 0.7695486111111112 0.18815972222222221 0.16515046296296293
3 0.6652951388888889 0.6572800925925926 0.20520833333333338 0.15717592592592594
3 0.861273148148148 0.7866666666666667 0.17575231481481488 0.1703819444444445
3 0.8647164351851853 0.9197916666666668 0.21005787037037038 0.16041666666666643
3 0.8391030092592592 0.5408159722222222 0.1862962962962964 0.1447106481481482
3 0.5119791666666667 0.3937037037037037 0.16759259259259274 0.14630787037037035
3 0.68453125 0.4148032407407407 0.17680555555555558 0.13613425925925923
3 0.664056712962963 0.529681712962963 0.18636574074074072 0.1493981481481482
3 0.355775462962963 0.2722511574074074 0.16575231481481484 0.12743055555555555
3 0.5641288734375001 0.664659896875 0.57283759375 0.6223652640624999 0.53518216875 0.5787236984375 0.462770271875 0.56888411875 0.41255908437500005 0.6022371234375 0.4088569890625 0.6408092359374999 0.44636746718750003 0.680578625 0.5086211671875 0.6939910671875 0.5641288734375001 0.664659896875
3 0.404128403125 0.9269013875000001 0.40739565468750005 0.8767127390624999 0.3489889953125 0.8286003624999999 0.28717013593749996 0.8268044531250001 0.23710389687500003 0.8640296375000001 0.23942305937500002 0.9259844765624999 0.292243303125 0.9623306625 0.3489105921875 0.9639769125000001 0.404128403125 0.9269013875000001
3 0.906318671875 0.45799477812499995 0.9150273906249999 0.4157001453125 0.8775169125 0.3759307578125 0.8051050140625 0.3660911765625 0.7699137 0.3882766265625 0.7665015000000001 0.43459309687500003 0.7985705109375 0.46646847031250005 0.8658308375000001 0.4761583921875 0.906318671875 0.45799477812499995