3 0.29250000000000004 0.9359548611111113 0.22333333333333333 0.12809027777777757
3 0.2594270833333333 0.8276388888888888 0.21270833333333333 0.1851041666666667
3 0.60890625 0.7693923611111112 0.2182291666666666 0.19802083333333337
3 0.7284374999999998 0.6285763888888889 0.23510416666666673 0.1948611111111111
3 0.9221875 0.7209722222222222 0.15562499999999985 0.20145833333333343
3 0.9344270833333332 0.8544791666666667 0.13114583333333343 0.2000694444444445
3 0.8614583333333334 0.4804166666666667 0.21218749999999992 0.1772916666666667
3 0.5116666666666667 0.3941840277777778 0.19499999999999992 0.17576388888888897
3 0.6810416666666667 0.3836111111111111 0.20062499999999997 0.16694444444444442
3 0.6919791666666667 0.5010763888888888 0.2140625 0.1821180555555557
3 0.33078124999999997 0.30199652777777775 0.18916666666666676 0.15815972222222224
3 0.6345625953125 0.654637034375 0.6313774015625 0.6109093796875 0.5839267 0.5744036828125 0.5127016140625 0.577979159375 0.474172059375 0.6204676499999999 0.48109182656250005 0.659563521875 0.527358709375 0.6922398734375 0.5899308343749999 0.694098621875 0.6345625953125 0.654637034375
3 0.46547544687500003 1 0.5116748921875 0.992462515625 0.553939021875 0.9453422390625 0.5434678078124999 0.8947583375000001 0.47515973125000005 0.8576330625 0.4161390546875 0.86726234375 0.3787933140625 0.9135801765625 0.3977343671875 0.9748496687499999 0.4546545359375 1 0.46547544687500003 1
3 0.9027194125 0.385627884375 0.8995342187500001 0.341900228125 0.8532673328125 0.30922387812499996 0.782042246875 0.312799353125 0.7547164125 0.3413924921875 0.7640038125 0.38814705156249996 0.8029846765625 0.41396715625 0.8692913734375001 0.41119412187500004 0.9027194125 0.385627884375