3 0.9642361111111111 0.8324189814814815 0.07152777777777786 0.22011574074074075
3 0.8887152777777778 0.8469097222222223 0.18298611111111107 0.20678240740740747
3 0.7714409722222222 0.4835243055555556 0.19756944444444446 0.212199074074074
3 0.6088541666666666 0.34149305555555554 0.19322916666666679 0.22906250000000003
3 0.66640625 0.13242476851851853 0.20104166666666662 0.20150462962962967
3 0.7985243055555555 0.13306134259259259 0.20017361111111107 0.19369212962962962
3 0.43602430555555555 0.18417245370370372 0.17690972222222218 0.20802083333333332
3 0.40625 0.5243981481481481 0.17482638888888893 0.18927083333333333
3 0.3676215277777778 0.35151041666666666 0.16631944444444446 0.19659722222222226
3 0.48567708333333337 0.35840856481481487 0.1815972222222222 0.2082638888888889
3 0.34348958333333335 0.6935821759259259 0.1572916666666667 0.18525462962962963
3 0.706466340625 0.5547489375 0.697945471875 0.49175735156249994 0.650494721875 0.4405394828125 0.606669046875 0.43702049374999996 0.57753075625 0.4793796171875 0.593002928125 0.5519594156250001 0.64250918125 0.59747279375 0.6810154875000001 0.5965011375 0.706466340625 0.5547489375
3 1 0.6044750046875 0.9587816546875001 0.5668815765625 0.9092130359375 0.5696740015625 0.8829150359375 0.6330303203125001 0.9024982171874999 0.6942011375 0.955691909375 0.73910759375 1 0.7318148375 1 0.6044750046875
3 0.3783597453125 0.23312067656250002 0.364519509375 0.1656384453125 0.33302686718749996 0.1278925125 0.2892011921875 0.12437352343750001 0.2637503390625 0.1661257265625 0.279222509375 0.2387055234375 0.3127706546875 0.270746965625 0.3586518359375 0.2685614625 0.3783597453125 0.23312067656250002