2 0.7956828703703703 0.4622164351851851 0.2906944444444445 0.2854861111111111
2 0.8277372685185185 0.23355902777777776 0.3096064814814817 0.2880208333333334
2 0.7102083333333333 0.08365162037037037 0.27979166666666677 0.16730324074074074
2 0.541568287037037 0.1855613425925926 0.2963541666666668 0.29510416666666667
2 0.35234953703703703 0.32261574074074073 0.3003935185185185 0.2890972222222222
2 0.2584664351851852 0.12169560185185184 0.27440972222222226 0.23335648148148147
2 0.4335300925925926 0.7873206018518518 0.29899305555555566 0.29057870370370364
3 0.35806712962962967 0.5595254629629629 0.31936342592592587 0.30717592592592596
1 0.6459148359375 0.7032192484374999 0.6701757578125 0.67797533125 0.681682196875 0.6561798234375 0.68906398125 0.6214860859375 0.678191734375 0.57304311875 0.66143943125 0.549545603125 0.650186671875 0.5432457234375 0.6474369 0.5346469046875 0.6193049984375001 0.518897203125 0.589671371875 0.512895790625 0.5726653921875 0.517493665625 0.5670390109375 0.5143437234375 0.5173959546875 0.5324367578125 0.503139746875 0.54563345 0.48150175624999997 0.5935238796875 0.4842515265625 0.6021226953125 0.4798731921875 0.6173198609375 0.49499693125000005 0.6646133578125 0.5230019953125 0.6944107546875 0.566638153125 0.715310865625 0.5948968953125 0.717012871875 0.6459148359375 0.7032192484374999
1 0.565664125 0.510044315625 0.6209335625 0.49510122343749996 0.6394412640625 0.48075506093750003 0.665330753125 0.4317151625 0.6655844296875 0.40361977187500003 0.6504606890625 0.35632627499999997 0.62808200625 0.32967881875 0.59995010625 0.3139291171875 0.5561871078125 0.3070767 0.53492963125 0.31282404375 0.5293032531249999 0.309674103125 0.5264266421875 0.31512298125 0.505169165625 0.320870325 0.48378485312499997 0.34066536406250003 0.4665251953125 0.3733586296875 0.46051829843750003 0.41235177500000003 0.4742671515625 0.4553458640625 0.4910194546875 0.4788433796875 0.5416568796875 0.5071928406249999 0.5501598703125 0.5048939046875 0.565664125 0.510044315625
1 0.9323732265625001 0.7612329203125 0.946629434375 0.7480362281249999 0.9696423125000001 0.7044452078125001 0.9726457609375 0.6849486359375 0.9727725984375001 0.6709009406249999 0.949272709375 0.6118586828125 0.9352701765625 0.5969599875 0.9015118937500001 0.5780603453125 0.8761297625 0.5709094625 0.8620003921875 0.570058459375 0.8109824515625 0.5838520843749999 0.7996028515625 0.5915999000000001 0.7753419265625 0.616843815625 0.760832040625 0.6581358984375 0.7607052015625 0.67218359375 0.7785787125 0.728075909375 0.7869548625 0.7398246671875001 0.8122101546874999 0.7610232453125 0.8544714296875 0.7776239484375 0.886981665625 0.7781764859375 0.9323732265625001 0.7612329203125
1 1 0.4019560125 0.9638029375 0.41174254374999997 0.932413909375 0.4435848078125 0.9251589656249999 0.46423084843750007 0.9250321250000001 0.47827854375 0.9192789078124999 0.4891762984375 0.9234035625000001 0.502074525 0.920526953125 0.5075234046875 0.9356506937500001 0.5548169015625 0.96365575625 0.584614296875 1 0.6015866828124999 1 0.4019560125
2 0.17139629218750002 0.6493397015625 0.1742729015625 0.6438908249999999 0.19127888125 0.63929295 0.20553509218750002 0.6260962578125 0.22279474999999999 0.5934029921875 0.22579819843750001 0.57390641875 0.226051875 0.5458110296875 0.20955325 0.4942181234375 0.1871745671875 0.4675706671875 0.12665926875 0.43722073437500003 0.06576345156249999 0.44901388750000004 0.06288684375 0.4544627640625 0.047559229687499996 0.45860686250000005 0.05508486875 0.5311755203125 0.09637110625 0.660281853125 0.10624898125 0.6622823234374999 0.120378353125 0.6631333265625 0.17139629218750002 0.6493397015625