2 0.5083391203703703 0.28237847222222223 0.2696180555555555 0.24527777777777776
2 0.30084490740740744 0.18682291666666667 0.270162037037037 0.2655208333333333
2 0.10219328703703703 0.2438888888888889 0.20438657407407407 0.24090277777777783
2 0.17227430555555556 0.4503125 0.2808796296296296 0.24888888888888888
2 0.2473263888888889 0.6726215277777777 0.2737152777777778 0.2547916666666666
2 0.06879629629629629 0.7068923611111111 0.13759259259259257 0.23979166666666654
2 0.7104108796296297 0.7253819444444444 0.27511574074074086 0.25329861111111107
3 0.4724479166666667 0.7344270833333333 0.2895601851851852 0.2726041666666667
1 0.68057935 0.57633068125 0.6904094125 0.549420340625 0.6922064578125 0.4960515765625 0.6753916578125 0.4653717125 0.6581275984375 0.44803404062499996 0.6274662281250001 0.43103530624999997 0.578492521875 0.42783067812500003 0.5513984 0.43740334843750006 0.542167353125 0.4465241 0.5332358140625 0.44675005937499995 0.5101582015624999 0.4695519390625 0.4958623703125 0.496575259375 0.49526335625 0.5143648453125 0.49064783125 0.5189252234375 0.4933165546875 0.5721810078125 0.501649078125 0.5897446375000001 0.5406429703125 0.6243070015625001 0.54957450625 0.6240810453125001 0.5626723078125 0.6326369 0.61179576875 0.63139413125 0.6481209359375 0.6127007109375 0.68057935 0.57633068125
1 0.47650175624999996 0.5415011453125 0.4768012625 0.53260635 0.4861820625 0.5190382015624999 0.4881288640625 0.46122204062499994 0.47994609375 0.43921101250000005 0.44110195625 0.40020125 0.4146068484375 0.39198433125 0.3654833875 0.3932271015625 0.3337737421875 0.4073601453125 0.31069612812499997 0.4301620265625 0.2914852671875 0.470640515625 0.2907364984375 0.492877503125 0.286120975 0.49743787812500007 0.290436990625 0.501772296875 0.289688221875 0.52400928125 0.30218700625 0.5503547249999999 0.32808309687500004 0.5763612328125001 0.3632102359375 0.5932469890625 0.407867925 0.5921171984375 0.4349620484375 0.58254453125 0.47650175624999996 0.5415011453125
1 0.8232381468750001 0.31499227812499997 0.8332179640625 0.2836345421875 0.8303994859375001 0.2348261515625 0.8220669624999999 0.217262521875 0.787538840625 0.182587178125 0.769975271875 0.1741443015625 0.75672771875 0.1700358421875 0.6940571953125 0.1760649453125 0.6758946124999999 0.18541165625 0.6482014734375 0.2127739140625 0.6340553984375 0.2353498359375 0.629140365625 0.24880500468750003 0.6273433203125001 0.3021737703125 0.6313598296875 0.3154029828125 0.648174628125 0.346082846875 0.6830022578125 0.371863396875 0.6962498125 0.37597185624999996 0.7543048109375 0.3745031265625 0.7678518703125 0.36971679375 0.7952455015625 0.3512493296875 0.8232381468750001 0.31499227812499997
1 0.509040709375 0.10520431562499999 0.53002176875 0.1446659953125 0.547435584375 0.1575562703125 0.5606831375 0.1616647296875 0.56931516875 0.170333565625 0.582712475 0.169994628125 0.5870284921875 0.174329046875 0.6361519515625 0.1730862765625 0.67247711875 0.15439285625000002 0.7003200109375001 0.122583203125 0.71491535 0.0866650875 0.7162631328125 0.046638514062500004 0.7102182171875 0.0315652546875 0.5237425140624999 0.0232774453125 0.5109875078125 0.04738815625 0.509040709375 0.10520431562499999
2 0.49927045937500003 1 0.5014187875 0.9941188328124999 0.5032158328125 0.9407500671875001 0.498899815625 0.9364156515625 0.4994988328125 0.9186260624999999 0.49116631093749996 0.9010624328124999 0.4652702171875 0.8750559234375 0.4477066484375 0.8666130453124999 0.42121154218749995 0.858396128125 0.3676223125 0.8597518765625001 0.335912665625 0.8738849203125 0.2896076828125 0.9239360796874999 0.2830453609375 0.9863126171875001 0.2873613765625 0.990647034375 0.287046440625 1 0.49927045937500003 1