2 0.7965277777777777 0.5226041666666666 0.25636574074074064 0.2473263888888889
2 0.863347800925926 0.30654513888888885 0.27330439814814805 0.24618055555555554
2 0.7786111111111111 0.10289930555555556 0.25097222222222226 0.2057986111111111
2 0.5867476851851852 0.2062152777777778 0.26046296296296295 0.2567708333333333
2 0.3769386574074074 0.30484375 0.2659027777777777 0.24909722222222222
2 0.3148958333333333 0.09436631944444444 0.24773148148148155 0.1887326388888889
2 0.38468171296296294 0.7721527777777777 0.2645023148148148 0.250625
3 0.3452893518518519 0.5357638888888889 0.28314814814814815 0.26506944444444436
1 0.52863581875 0.7261027390625 0.5565069640625 0.7329817015625 0.609477740625 0.7290068890625 0.6376058515625 0.7089555109375001 0.6524912656249999 0.6898978375 0.665298046875 0.657540609375 0.6620906203125 0.60844434375 0.6491048890625 0.5825077046875 0.6388906703125 0.5743038046875 0.6375049140625 0.5654374359375 0.6119693671875 0.5449276859375 0.5834053421875 0.5336155375 0.5657484171875 0.534940475 0.5606413078125 0.530838525 0.5083634078125 0.539246521875 0.4920922359375 0.5494378281250001 0.4630142859375 0.5919863624999999 0.4644000421875 0.60085273125 0.4576502140625 0.6148147546875 0.4652718703125 0.6635797828125 0.48847181875 0.697720321875 0.52863581875 0.7261027390625
1 0.5364915171875 0.51919514375 0.5453199796875 0.5185326734375 0.5599484296874999 0.526405340625 0.6173334406250001 0.52209929375 0.6380188421875 0.5115767531250001 0.6715110234375 0.468696984375 0.6761822203125 0.4414354078125 0.6685605640625 0.392670378125 0.6504677234375 0.362631790625 0.6249321765625 0.3421220390625 0.5824325796875 0.3273704109375 0.5603614218749999 0.32902658125 0.5552543109375 0.32492463125 0.5515329578125 0.32968905 0.5294618 0.33134522187500004 0.505055046875 0.34663218281249997 0.48272692343749996 0.37521869375 0.4706130203125 0.4120091078125 0.4775418 0.45634095312499995 0.49052753125 0.48227759062500003 0.5364915171875 0.51919514375
1 0.8054475875 0.8398866828125 0.8377329640625 0.8464344125000001 0.8855966343749999 0.8383576484375 0.9018678046874999 0.8281663437500001 0.9316386328125 0.79005099375 0.937695584375 0.7716557859375001 0.9400311796875 0.7580249984375 0.9259166593750001 0.6962916484375 0.9143166828125 0.67922138125 0.8836740265625 0.6546096796875001 0.859524234375 0.6429662984375 0.8455886625 0.639526815625 0.792617884375 0.643501628125 0.7800680671875 0.648928515625 0.7519399578125 0.6689798921875 0.730997590625 0.7064327765625 0.7286619953125 0.7200635625 0.7376694078125 0.7776949609375 0.744162271875 0.79066328125 0.765976465625 0.8159374500000001 0.8054475875 0.8398866828125
1 1 0.50235518125 0.9718577234374999 0.504466915625 0.9355940281249999 0.5296139484375 0.92512284375 0.5483403890625 0.922787246875 0.5619711765625001 0.9153445390625 0.5715000140625001 0.9174231734375 0.58479956875 0.9137018187500001 0.5895639874999999 0.9213234765625 0.6383290171875 0.9445234265625 0.6724695546875 0.979580315625 0.696750021875 1 0.7025657109375001 1 0.50235518125
2 0.07854022499999999 0.5894402234375 0.0924757984375 0.5928797046875001 0.14544657656249999 0.58890489375 0.14916792968749998 0.5841404734375 0.16682485625000001 0.5828155359375 0.18309602656249999 0.5726242312500001 0.20542414999999997 0.5440377171875 0.2114811 0.525642509375 0.21615229375 0.498380934375 0.207837759375 0.445182721875 0.18974491875 0.41514413125000005 0.13425959375000002 0.374455865625 0.07176747343749999 0.3746599609375 0.068046121875 0.3794243796875 0.0503891953125 0.3807493171875 0.040350810937499995 0.3890971015625 0.0444029734375 0.428171534375 0.0690188828125 0.58566950625 0.07854022499999999 0.5894402234375