2 0.5515625 0.26171875 0.23125 0.21875
2 0.3421875 0.1609375 0.228125 0.2390625
2 0.11484375 0.2125 0.2296875 0.215625
2 0.22265625 0.42109375 0.240625 0.22109375
2 0.3046875 0.6453125 0.2328125 0.228125
2 0.0890625 0.67421875 0.178125 0.21953125
2 0.76796875 0.71015625 0.234375 0.2265625
3 0.53125 0.7125 0.246875 0.24296875
1 0.5555555562500001 0.5688888890625 0.59555555625 0.6044444437500001 0.6044444437500001 0.6044444437500001 0.617777778125 0.6133333328125 0.6666666671875 0.6133333328125 0.7022222218749999 0.59555555625 0.7333333328125 0.5599999999999999 0.742222221875 0.5333333328125 0.742222221875 0.48 0.7244444437500001 0.44888888906249996 0.7066666671874999 0.4311111109375 0.67555555625 0.41333333281250006 0.6266666671875 0.40888888906250004 0.6 0.41777777812499994 0.5911111109375 0.4266666671875 0.5822222218750001 0.4266666671875 0.5599999999999999 0.44888888906249996 0.5466666671875 0.47555555624999996 0.5466666671875 0.4933333328125 0.542222221875 0.497777778125 0.5466666671875 0.5511111109375 0.5555555562500001 0.5688888890625
1 0.342222221875 0.497777778125 0.35555555625 0.52444444375 0.382222221875 0.5511111109375 0.41777777812499994 0.5688888890625 0.462222221875 0.5688888890625 0.4888888890625 0.5599999999999999 0.5288888890625 0.52 0.5288888890625 0.5111111109375 0.5377777781249999 0.497777778125 0.5377777781249999 0.44000000000000006 0.5288888890625 0.41777777812499994 0.4888888890625 0.377777778125 0.462222221875 0.3688888890625 0.41333333281250006 0.3688888890625 0.382222221875 0.382222221875 0.36 0.40444444375 0.342222221875 0.44444444375 0.342222221875 0.46666666718750005 0.337777778125 0.4711111109375 0.342222221875 0.47555555624999996 0.342222221875 0.497777778125
1 0.6933333328125 0.3288888890625 0.7288888890624999 0.35555555625 0.742222221875 0.36 0.8 0.36 0.8133333328125 0.35555555625 0.8400000000000001 0.337777778125 0.8666666671875 0.30222222187500003 0.8755555562499999 0.2711111109375 0.8711111109375 0.222222221875 0.862222221875 0.20444444375 0.8266666671875 0.1688888890625 0.8088888890625 0.16 0.79555555625 0.15555555625 0.7333333328125 0.16 0.71555555625 0.1688888890625 0.6888888890625 0.19555555625 0.67555555625 0.21777777812500002 0.6711111109375001 0.2311111109375 0.6711111109375001 0.28444444375 0.67555555625 0.297777778125 0.6933333328125 0.3288888890625
1 0.5599999999999999 0 0.5466666671875 0.0266666671875 0.5466666671875 0.08444444375 0.5688888890625 0.12444444375 0.5866666671874999 0.137777778125 0.6 0.142222221875 0.6088888890625 0.15111111093750001 0.622222221875 0.15111111093750001 0.6266666671875 0.15555555625 0.67555555625 0.15555555625 0.7111111109375 0.137777778125 0.737777778125 0.1066666671875 0.7511111109375 0.0711111109375 0.7511111109375 0.0311111109375 0.737777778125 0 0.5599999999999999 0
2 0.36444444374999996 0.99555555625 0.5599999999999999 0.99555555625 0.56444444375 0.9866666671875001 0.5688888890625 0.9733333328124999 0.5688888890625 0.9199999999999999 0.56444444375 0.91555555625 0.56444444375 0.8977777781249999 0.5555555562500001 0.8800000000000001 0.5288888890625 0.8533333328125 0.5111111109375 0.8444444437499999 0.48444444375 0.8355555562499999 0.4311111109375 0.8355555562499999 0.4 0.8488888890625 0.35555555625 0.8977777781249999 0.35111111093749997 0.96 0.35555555625 0.96444444375 0.35555555625 0.982222221875 0.36444444374999996 0.99555555625