2 0.76265625 0.5250578703703704 0.28062499999999985 0.29909722222222224
2 0.8710416666666667 0.32704282407407403 0.25791666666666657 0.30211805555555554
2 0.8672395833333333 0.12067708333333334 0.26552083333333343 0.24135416666666668
2 0.6515104166666666 0.17944444444444443 0.2859375 0.30895833333333333
2 0.41703124999999996 0.23758680555555553 0.29020833333333335 0.3031944444444445
2 0.42057291666666663 0.07094907407407407 0.2630208333333332 0.14189814814814813
2 0.2869791666666667 0.6939583333333333 0.28875 0.30459490740740736
3 0.31838541666666664 0.4570659722222222 0.3085416666666667 0.3221643518518519
1 0.5186079421875001 0.6924293203125 0.552007346875 0.6779692500000001 0.5721799734374999 0.6620895234375 0.594255290625 0.6328803453125 0.6056407515625 0.5844789109375 0.60062828125 0.556873571875 0.5930788890625001 0.547040834375 0.5943473515625 0.5381545328125 0.5754738734375 0.5135726890625001 0.55092300625 0.49740392812499995 0.5332873031250001 0.4955110546875 0.52951260625 0.490594684375 0.4759712625 0.48935921406249994 0.457067096875 0.49635264062499995 0.41608761406249994 0.5325552453125 0.4148191546875 0.54144154375 0.4040986109375 0.553824559375 0.397122075 0.6026992124999999 0.4096839359375 0.6401372875 0.44051573125 0.6750250875 0.465700828125 0.6867506984375 0.5186079421875001 0.6924293203125
1 0.5301468359375 0.48615153437499997 0.5874628765625001 0.492303375 0.61077596875 0.48578316875 0.656164378125 0.45005378125 0.6687876140625 0.424341315625 0.675764146875 0.3754666640625 0.6669769828125001 0.34294495625 0.6481035046875 0.3183631125 0.610960090625 0.29633154375 0.588915459375 0.2939654515625 0.5851407640625 0.289049084375 0.5800976078125 0.293019015625 0.558052978125 0.29065292187499997 0.5296967296874999 0.3011430625 0.49943779062500004 0.324962653125 0.47672824062499997 0.35861498125 0.4703859375 0.403046484375 0.47539840624999996 0.43065182343749997 0.50937066875 0.4748991421875 0.5181885203125 0.47584557812500006 0.5301468359375 0.48615153437499997
1 0.7559329734375 0.848727353125 0.7748371406250001 0.8417339265624999 0.8151823921875 0.8099744718749999 0.8265371671875 0.7931483078125 0.8328487843750001 0.780292075 0.837319084375 0.7176147515625 0.831038153125 0.698895715625 0.808389978125 0.669397503125 0.7882480390625 0.653701959375 0.7756554921875 0.6478391515624999 0.7227483796875 0.6421605296874999 0.7088873687499999 0.6451840265625 0.675487965625 0.6596440968749999 0.6439605640625 0.6923499890625 0.637648946875 0.7052062203125 0.62940395 0.762967175 0.6319101859375 0.77676984375 0.64574050625 0.8053216203125 0.677206534375 0.8357662703125 0.7068005562499999 0.8479651 0.7559329734375 0.848727353125
1 1 0.5476854421875 0.996224546875 0.5451989968750001 0.9389085078124999 0.53904715625 0.8960570203125 0.557003940625 0.88029331875 0.5733568859375 0.873981703125 0.5862131171875 0.8638953890625001 0.5941529828125 0.8619926984375 0.6074824328124999 0.8569495406250001 0.611452365625 0.8499730046874999 0.66032701875 0.8625348671875 0.69776509375 0.8895919671874999 0.727736525 0.922960684375 0.744851725 0.9626410203125 0.749110690625 0.9954061937500001 0.73909376875 1 0.70691150625 1 0.5476854421875
2 0.178701209375 0.4394077546875 0.1900559828125 0.422581590625 0.20267921718749998 0.396869125 0.2102899828125 0.34355132187500004 0.20150281718750002 0.3110296140625 0.159346934375 0.26139270937500003 0.0982561984375 0.25032449843750004 0.0932130421875 0.25429443125 0.0755773375 0.2524015578125 0.061082096875000005 0.2598682015625 0.033175957812500004 0.45536681406249996 0.041359579687499995 0.4607564015625 0.053952129687499996 0.46661920781250005 0.106859240625 0.47229783125 0.11190239843750001 0.468327896875 0.129538103125 0.47022077187500005 0.14844226875 0.463227346875 0.178701209375 0.4394077546875