2 0.16480324074074076 0.1081076388888889 0.2672685185185185 0.2087152777777778
2 0.3897511574074074 0.14223958333333334 0.2473263888888889 0.2131597222222222
2 0.5961805555555555 0.1707986111111111 0.2328009259259259 0.20409722222222224
2 0.8063310185185184 0.20282986111111115 0.23288194444444416 0.1792361111111111
2 0.8119097222222222 0.37374999999999997 0.23243055555555542 0.19784722222222229
2 0.5926562499999999 0.34954861111111113 0.22644675925925917 0.17555555555555563
2 0.3810300925925926 0.32916666666666666 0.24557870370370374 0.2098958333333333
2 0.1547974537037037 0.2902083333333333 0.24622685185185186 0.2208333333333333
2 0.14804976851851853 0.48359375 0.250636574074074 0.21656250000000005
2 0.37277199074074074 0.50828125 0.22545138888888888 0.21121527777777782
2 0.5904224537037036 0.5197743055555556 0.2547685185185184 0.20760416666666667
2 0.8148668981481482 0.5491493055555555 0.23555555555555543 0.19812499999999994
2 0.8249884259259259 0.7361805555555556 0.24236111111111108 0.20805555555555558
2 0.5895138888888889 0.7073958333333333 0.23969907407407404 0.21559027777777756
2 0.3659837962962963 0.6890972222222222 0.2367592592592592 0.21843749999999992
2 0.14010995370370372 0.6705902777777778 0.2553240740740741 0.2169791666666665
2 0.12076967592592594 0.868125 0.24153935185185188 0.22864583333333321
2 0.34792824074074075 0.8877604166666666 0.24319444444444444 0.22211805555555558
2 0.585474537037037 0.8941840277777778 0.245775462962963 0.21163194444444428
2 0.8146527777777777 0.9090538194444445 0.264340277777778 0.181892361111111