2 0.871875 0.86796875 0.25625 0.2046875
2 0.65078125 0.87734375 0.2453125 0.203125
2 0.44375 0.8921875 0.2296875 0.1953125
2 0.23359375 0.90546875 0.23125 0.1703125
2 0.196875 0.7390625 0.2296875 0.1890625
2 0.415625 0.71640625 0.225 0.165625
2 0.62578125 0.6921875 0.24375 0.2
2 0.85390625 0.6828125 0.24375 0.2109375
2 0.82578125 0.4921875 0.2484375 0.209375
2 0.6015625 0.515625 0.2234375 0.2015625
2 0.3875 0.54921875 0.2515625 0.1984375
2 0.1625 0.5671875 0.2328125 0.1890625
2 0.11953125 0.38515625 0.2390625 0.1984375
2 0.35390625 0.365625 0.2390625 0.20625
2 0.57578125 0.33671875 0.234375 0.209375
2 0.8 0.3078125 0.253125 0.2078125
2 0.78515625 0.10859375 0.2453125 0.2171875
2 0.5578125 0.13828125 0.2421875 0.2125
2 0.321875 0.1671875 0.24375 0.2296875
2 0.11171875 0.1875 0.2234375 0.228125