2 0.17316550925925928 0.1103298611111111 0.27133101851851854 0.2134375
2 0.400300925925926 0.14613425925925924 0.2510185185185186 0.21148148148148146
2 0.6080092592592592 0.17310185185185184 0.23605324074074083 0.2007523148148148
2 0.819068287037037 0.2027141203703704 0.2367708333333333 0.17605324074074072
2 0.854849537037037 0.3733449074074074 0.23545138888888886 0.19450231481481478
2 0.6352430555555555 0.3514236111111111 0.23021990740740747 0.1723263888888889
2 0.42382523148148155 0.33416087962962965 0.2491550925925925 0.20820601851851847
2 0.19427083333333334 0.29734953703703704 0.2502083333333333 0.2191435185185185
2 0.22144675925925927 0.4911458333333334 0.2544444444444444 0.2149074074074075
2 0.44644675925925925 0.5128125 0.22899305555555555 0.2078125
2 0.6617997685185185 0.5227141203703705 0.2582291666666666 0.20598379629629626
2 0.8844097222222222 0.5499247685185186 0.2311805555555555 0.19480324074074068
2 0.9036082175925927 0.7366319444444445 0.19278356481481468 0.20478009259259267
2 0.693767361111111 0.710005787037037 0.24335648148148153 0.21229166666666668
2 0.47085648148148157 0.6939583333333333 0.2405324074074074 0.2151157407407407
2 0.24482060185185187 0.6776099537037037 0.25913194444444443 0.21535879629629626
2 0.25775462962962964 0.8762268518518519 0.2509606481481481 0.2269560185185185
2 0.48691550925925925 0.8917274305555555 0.24708333333333332 0.216545138888889
2 0.7239641203703704 0.8965219907407407 0.24873842592592582 0.20695601851851855
2 0.9101793981481482 0.9094733796296296 0.17964120370370368 0.18105324074074075