2 0.13203125 0.871875 0.2046875 0.25625
2 0.12265625 0.65078125 0.203125 0.2453125
2 0.1078125 0.44375 0.1953125 0.2296875
2 0.09453125 0.23359375 0.1703125 0.23125
2 0.2609375 0.196875 0.1890625 0.2296875
2 0.28359375 0.415625 0.165625 0.225
2 0.3078125 0.62578125 0.2 0.24375
2 0.3171875 0.85390625 0.2109375 0.24375
2 0.5078125 0.82578125 0.2078125 0.2484375
2 0.484375 0.6015625 0.2015625 0.2234375
2 0.45078125 0.3875 0.1984375 0.2515625
2 0.4328125 0.1625 0.1890625 0.2328125
2 0.61328125 0.11875 0.1984375 0.2375
2 0.634375 0.35390625 0.20625 0.2375
2 0.66328125 0.57578125 0.209375 0.234375
2 0.6921875 0.8 0.2078125 0.253125
2 0.890625 0.78515625 0.21875 0.2453125
2 0.86171875 0.5578125 0.2125 0.240625
2 0.8328125 0.321875 0.2296875 0.2421875
2 0.8125 0.11171875 0.228125 0.2234375