2 0.11164351851851853 0.17681712962962964 0.22328703703703706 0.23488425925925926
2 0.2994791666666667 0.14983796296296298 0.27927083333333336 0.2327314814814815
2 0.50625 0.12072337962962965 0.2625 0.21820601851851854
2 0.7151909722222223 0.10342013888888887 0.25711805555555556 0.17128472222222224
2 0.7577835648148148 0.2534780092592593 0.26068287037037036 0.2150347222222222
2 0.5392476851851852 0.2924247685185185 0.25265046296296295 0.19297453703703704
2 0.3284606481481481 0.3323842592592593 0.2758912037037037 0.22951388888888893
2 0.12001157407407408 0.3577488425925926 0.24002314814814815 0.24049768518518516
2 0.13724537037037038 0.5474421296296297 0.27449074074074076 0.2359490740740741
2 0.3565162037037037 0.5070717592592593 0.2570138888888889 0.2273958333333333
2 0.5712557870370369 0.4570486111111111 0.2851388888888888 0.22822916666666657
2 0.7965046296296296 0.4222164351851852 0.2639351851851851 0.21668981481481478
2 0.8345254629629629 0.5995486111111111 0.25532407407407404 0.22578703703703695
2 0.6089583333333334 0.638287037037037 0.2715856481481481 0.23406249999999992
2 0.38678819444444446 0.6833912037037038 0.2701504629629629 0.23557870370370376
2 0.16299189814814816 0.7292303240740742 0.2874652777777778 0.2376504629629629
2 0.18298032407407408 0.901070601851852 0.27892361111111114 0.19785879629629619
2 0.4099363425925926 0.8798177083333334 0.2767824074074074 0.24036458333333321
2 0.6455150462962963 0.833587962962963 0.2813078703703704 0.25773148148148123
2 0.835925925925926 0.7938078703703704 0.22349537037037023 0.25601851851851853