2 0.92265625 0.24765625 0.1546875 0.2828125
2 0.8953125 0.465625 0.209375 0.2625
2 0.85859375 0.66796875 0.2171875 0.246875
2 0.809375 0.8734375 0.19375 0.2453125
2 0.63984375 0.859375 0.2109375 0.246875
2 0.6828125 0.64453125 0.1890625 0.2390625
2 0.7203125 0.4359375 0.225 0.2609375
2 0.77890625 0.21484375 0.2359375 0.2625
2 0.5875 0.1859375 0.23125 0.2671875
2 0.54453125 0.40703125 0.2234375 0.2421875
2 0.5140625 0.621875 0.2234375 0.26875
2 0.465625 0.8421875 0.2125 0.25
2 0.2796875 0.83125 0.221875 0.2578125
2 0.32890625 0.6 0.2296875 0.25625
2 0.365625 0.3796875 0.23125 0.253125
2 0.40390625 0.15703125 0.2328125 0.271875
2 0.209375 0.121875 0.24375 0.24375
2 0.17109375 0.3390625 0.2359375 0.2609375
2 0.1296875 0.5734375 0.253125 0.2640625
2 0.1046875 0.796875 0.209375 0.28125