2 0.15703125 0.10078125 0.25 0.18515625
2 0.3828125 0.1109375 0.2296875 0.18515625
2 0.58984375 0.1140625 0.21484375 0.1765625
2 0.80078125 0.11953125 0.21796875 0.1515625
2 0.82265625 0.28828125 0.21484375 0.1703125
2 0.603125 0.29140625 0.21171875 0.1484375
2 0.39140625 0.29765625 0.22734375 0.18125
2 0.16328125 0.28671875 0.22734375 0.1921875
2 0.175 0.4796875 0.2328125 0.18828125
2 0.4 0.47578125 0.2078125 0.184375
2 0.61640625 0.4609375 0.23671875 0.178125
2 0.8421875 0.4625 0.21953125 0.1703125
2 0.86953125 0.646875 0.22578125 0.1796875
2 0.63359375 0.646875 0.22265625 0.1875
2 0.41015625 0.65625 0.21953125 0.19140625
2 0.184375 0.665625 0.23828125 0.18671875
2 0.18125 0.86484375 0.22734375 0.2
2 0.4109375 0.85546875 0.22578125 0.19296875
2 0.6484375 0.846875 0.22578125 0.2109375
2 0.878125 0.846875 0.24375 0.2078125