2 0.17275462962962962 0.08865162037037036 0.27011574074074074 0.17730324074074072
2 0.396875 0.09039930555555556 0.2507291666666667 0.18079861111111112
2 0.6030729166666667 0.08636574074074074 0.23611111111111108 0.17273148148148149
2 0.8122569444444444 0.07978877314814815 0.23619212962962982 0.1595775462962963
2 0.8154918981481482 0.23754629629629628 0.23574074074074075 0.19958333333333336
2 0.5964699074074075 0.24684027777777778 0.2297569444444445 0.17732638888888888
2 0.38502893518518516 0.25940393518518523 0.24888888888888888 0.2115393518518518
2 0.15902777777777777 0.25527199074074075 0.24953703703703703 0.2224768518518518
2 0.14915509259259258 0.44811342592592596 0.2540393518518519 0.21973379629629636
2 0.37369212962962967 0.4375925925925926 0.22876157407407405 0.21300925925925931
2 0.5902835648148148 0.41683449074074075 0.2581712962962962 0.21074074074074076
2 0.8152777777777779 0.41171875 0.23886574074074077 0.19983796296296302
2 0.8222743055555555 0.5954108796296296 0.24567129629629614 0.20972222222222214
2 0.5870312500000001 0.6029166666666667 0.24300925925925937 0.21728009259259268
2 0.3637326388888889 0.6187789351851852 0.24006944444444436 0.220150462962963
2 0.1373090277777778 0.6348958333333333 0.25872685185185185 0.22011574074074075
2 0.11863425925925926 0.8344155092592592 0.23726851851851852 0.23028935185185198
2 0.3418171296296296 0.8180439814814815 0.2465046296296296 0.22378472222222215
2 0.5798668981481481 0.8025347222222223 0.24908564814814813 0.24109953703703715
2 0.8080324074074074 0.7963831018518519 0.26774305555555566 0.24106481481481482