2 0.178125 0.090625 0.259375 0.18125
2 0.403125 0.10546875 0.2390625 0.196875
2 0.61015625 0.11953125 0.225 0.1875
2 0.8203125 0.1359375 0.2265625 0.1625
2 0.83359375 0.30546875 0.225 0.18125
2 0.6140625 0.296875 0.2203125 0.159375
2 0.40234375 0.2921875 0.2375 0.1921875
2 0.175 0.26953125 0.2375 0.203125
2 0.1765625 0.4625 0.2421875 0.2
2 0.4015625 0.4703125 0.2171875 0.1953125
2 0.61796875 0.4671875 0.246875 0.190625
2 0.84375 0.48046875 0.228125 0.18125
2 0.86171875 0.665625 0.234375 0.190625
2 0.62578125 0.65390625 0.23125 0.1984375
2 0.40234375 0.6515625 0.228125 0.2015625
2 0.17578125 0.64921875 0.246875 0.2
2 0.1625 0.84765625 0.2375 0.2109375
2 0.3921875 0.85 0.234375 0.2046875
2 0.63046875 0.85390625 0.2359375 0.221875
2 0.859375 0.86640625 0.2546875 0.2203125