3 0.17578125 0.73671875 0.1015625 0.15703125
3 0.3 0.7421875 0.10546875 0.15078125
3 0.4359375 0.75546875 0.10078125 0.14609375
3 0.5609375 0.75703125 0.1109375 0.14921875
3 0.68671875 0.7578125 0.10546875 0.14765625
3 0.809375 0.7578125 0.1109375 0.15390625
2 0.17734375 0.54609375 0.0953125 0.12734375
2 0.3125 0.55234375 0.10234375 0.14765625
2 0.43046875 0.55703125 0.09296875 0.13359375
2 0.55703125 0.553125 0.09609375 0.1375
1 0.66171875 0.36171875 0.0796875 0.121875
1 0.55625 0.3671875 0.08203125 0.11484375
1 0.4375 0.36875 0.08359375 0.11484375
1 0.30703125 0.37421875 0.08671875 0.11953125
1 0.18671875 0.37109375 0.08671875 0.1171875