3 0.2375 0.80390625 0.134375 0.175
3 0.359375 0.78125 0.1375 0.1703125
3 0.4953125 0.76328125 0.13125 0.165625
3 0.6171875 0.73671875 0.1421875 0.171875
3 0.73984375 0.709375 0.1359375 0.1671875
3 0.859375 0.68125 0.1421875 0.1734375
2 0.19609375 0.6171875 0.121875 0.146875
2 0.32890625 0.59296875 0.1328125 0.165625
2 0.4453125 0.57109375 0.121875 0.1515625
2 0.5671875 0.5390625 0.125 0.15625
1 0.6265625 0.32890625 0.1046875 0.1359375
1 0.525 0.3578125 0.1046875 0.13125
1 0.409375 0.3859375 0.1078125 0.13125
1 0.28359375 0.42109375 0.1125 0.1359375
1 0.165625 0.44453125 0.1109375 0.134375