3 0.778125 0.2109375 0.128125 0.1734375
3 0.6546875 0.2265625 0.13125 0.165625
3 0.51875 0.2375 0.1234375 0.1625
3 0.3953125 0.2578125 0.1359375 0.1671875
3 0.27109375 0.27890625 0.1296875 0.1625
3 0.15078125 0.3 0.1359375 0.171875
2 0.809375 0.3984375 0.115625 0.1421875
2 0.67578125 0.415625 0.1265625 0.1625
2 0.55859375 0.43203125 0.115625 0.1484375
2 0.434375 0.4578125 0.11875 0.1515625
1 0.36484375 0.6640625 0.1 0.134375
1 0.46796875 0.640625 0.1 0.128125
1 0.584375 0.61875 0.103125 0.128125
1 0.71171875 0.590625 0.10625 0.1328125
1 0.83125 0.57265625 0.10625 0.13125