3 0.73125 0.828125 0.1578125 0.1046875
3 0.73828125 0.70390625 0.1515625 0.109375
3 0.7546875 0.56875 0.1484375 0.103125
3 0.7578125 0.44375 0.1515625 0.1140625
3 0.7609375 0.31796875 0.1484375 0.109375
3 0.76328125 0.1953125 0.1546875 0.1140625
2 0.540625 0.8234375 0.1296875 0.096875
2 0.54921875 0.68828125 0.1484375 0.10625
2 0.55546875 0.5703125 0.1359375 0.0953125
2 0.55390625 0.44375 0.1390625 0.1
1 0.36484375 0.3359375 0.1234375 0.08125
1 0.36796875 0.44140625 0.1171875 0.0828125
1 0.36796875 0.56015625 0.1171875 0.0859375
1 0.37109375 0.690625 0.1203125 0.0890625
1 0.365625 0.8109375 0.11875 0.0890625