3 0.30236111111111114 0.15236689814814813 0.183275462962963 0.13004629629629627
3 0.2647222222222222 0.2735011574074074 0.17734953703703704 0.13298611111111108
3 0.21665509259259258 0.40451388888888895 0.1735763888888889 0.1266435185185184
3 0.18276041666666665 0.5273263888888888 0.17939814814814814 0.13771990740740742
3 0.14964699074074073 0.650162037037037 0.17422453703703705 0.1328935185185184
3 0.11747685185185183 0.7714583333333334 0.18252314814814813 0.13781250000000006
2 0.48662037037037037 0.1891724537037037 0.1540162037037037 0.11827546296296294
2 0.4455844907407407 0.3203935185185185 0.17390046296296297 0.1297685185185186
2 0.4108564814814815 0.4361284722222223 0.1587037037037037 0.11841435185185176
2 0.3814872685185185 0.5606423611111111 0.16371527777777778 0.12167824074074077
1 0.5402893518518519 0.6993518518518519 0.1430208333333333 0.10237268518518512
1 0.5628645833333333 0.595011574074074 0.13677083333333329 0.10218750000000014
1 0.5915046296296296 0.47752893518518513 0.13865740740740745 0.1053587962962963
1 0.6205787037037037 0.3483043981481481 0.14210648148148158 0.10857638888888896
1 0.6546875 0.23098379629629626 0.14054398148148142 0.10853009259259264