3 0.14968171296296293 0.7972222222222223 0.13269675925925925 0.18055555555555552
3 0.2745949074074074 0.8016493055555556 0.13547453703703702 0.17621527777777785
3 0.41076388888888893 0.8136284722222221 0.12887731481481488 0.17083333333333356
3 0.5368055555555555 0.8134548611111111 0.14016203703703703 0.17673611111111107
3 0.6621238425925926 0.8124131944444445 0.13524305555555555 0.17309027777777786
3 0.7850983796296296 0.8111111111111111 0.1403935185185187 0.17986111111111108
2 0.1418113425925926 0.6057291666666667 0.1212384259259259 0.15138888888888893
2 0.2777199074074074 0.6105902777777777 0.13200231481481478 0.17118055555555553
2 0.39644097222222224 0.6135416666666667 0.12013888888888893 0.15746527777777786
2 0.5228298611111111 0.6086805555555556 0.12349537037037024 0.1609375
1 0.6183449074074074 0.4144965277777778 0.10347222222222215 0.1416666666666666
1 0.5131076388888889 0.4209201388888889 0.10457175925925917 0.13559027777777785
1 0.3939236111111111 0.42421875 0.10769675925925926 0.1359375
1 0.2634548611111111 0.43098958333333337 0.11105324074074074 0.13940972222222214
1 0.14305555555555555 0.4294270833333334 0.1109375 0.13784722222222215