3 0.28046875 0.1640625 0.1609375 0.109375
3 0.26875 0.2875 0.1546875 0.1140625
3 0.2484375 0.42265625 0.1515625 0.1078125
3 0.23984375 0.54765625 0.15625 0.11875
3 0.2328125 0.67265625 0.1515625 0.1140625
3 0.2265625 0.7953125 0.159375 0.11875
2 0.47109375 0.175 0.1328125 0.1015625
2 0.4578125 0.31015625 0.1515625 0.1109375
2 0.446875 0.42734375 0.1390625 0.1
2 0.44375 0.55390625 0.1421875 0.1046875
1 0.6296875 0.66875 0.1265625 0.0859375
1 0.6296875 0.56328125 0.1203125 0.0875
1 0.634375 0.44453125 0.1203125 0.090625
1 0.6359375 0.3140625 0.1234375 0.09375
1 0.6453125 0.19375 0.121875 0.09375