3 0.8086168981481482 0.19001736111111112 0.11091435185185183 0.16684027777777777
3 0.6847222222222222 0.19559027777777777 0.11513888888888886 0.15944444444444442
3 0.5495717592592593 0.1943923611111111 0.1087037037037037 0.1557638888888889
3 0.42466435185185186 0.20394097222222224 0.11982638888888886 0.15986111111111112
3 0.2989293981481481 0.21434027777777778 0.1149537037037037 0.1563194444444444
3 0.17627314814814815 0.22524305555555557 0.12010416666666668 0.16454861111111113
2 0.7957581018518519 0.38078124999999996 0.10290509259259259 0.1365972222222222
2 0.6609722222222223 0.38654513888888886 0.11182870370370371 0.1560416666666667
2 0.54328125 0.39234375 0.10171296296296291 0.1427083333333333
2 0.4164872685185186 0.40750000000000003 0.1050231481481482 0.14611111111111103
1 0.3004571759259259 0.6082118055555557 0.0869097222222222 0.12895833333333329
1 0.40625 0.5933680555555556 0.08810185185185179 0.12284722222222229
1 0.5250925925925926 0.58125 0.0912268518518518 0.12312499999999993
1 0.6558854166666667 0.5641840277777778 0.09453703703703695 0.12652777777777774
1 0.7760127314814815 0.5566145833333334 0.09444444444444429 0.12496527777777793