3 0.7873032407407408 0.21215856481481482 0.14966435185185176 0.17696759259259257
3 0.6666782407407407 0.2314351851851852 0.15062500000000015 0.17074074074074072
3 0.5321701388888889 0.2442650462962963 0.14392361111111107 0.16596064814814815
3 0.41184606481481484 0.2666666666666667 0.15546296296296286 0.1723726851851852
3 0.2916724537037037 0.29063078703703704 0.15032407407407405 0.16761574074074073
3 0.1738425925925926 0.31462962962962965 0.15747685185185184 0.1770833333333334
2 0.8435648148148148 0.39944444444444444 0.1343055555555555 0.1470949074074074
2 0.7121527777777779 0.4201215277777778 0.14719907407407398 0.16756944444444438
2 0.5976273148148149 0.4379282407407407 0.13490740740740748 0.15334490740740742
2 0.4771238425925926 0.466568287037037 0.13833333333333328 0.15651620370370373
1 0.43471064814814814 0.6742361111111111 0.11621527777777771 0.13746527777777776
1 0.5344212962962963 0.6484085648148148 0.11561342592592609 0.13121527777777775
1 0.6475636574074074 0.6243402777777778 0.11888888888888882 0.1328240740740741
1 0.7709664351851853 0.5934027777777777 0.12387731481481482 0.1360185185185186
1 0.8876099537037037 0.5732870370370371 0.1221643518518519 0.13443287037037024