1 0.33125 0.15078125 0.153125 0.215625
1 0.525 0.15234375 0.1703125 0.2375
1 0.70234375 0.146875 0.165625 0.221875
1 0.88828125 0.14921875 0.159375 0.209375
1 0.8859375 0.390625 0.134375 0.2
1 0.71640625 0.38984375 0.1640625 0.215625
1 0.53046875 0.40078125 0.14375 0.1953125
1 0.334375 0.3890625 0.1546875 0.1890625
1 0.3234375 0.63203125 0.165625 0.19375
1 0.15234375 0.84453125 0.15625 0.190625
1 0.51328125 0.6296875 0.1515625 0.2
1 0.690625 0.61171875 0.1515625 0.18125
1 0.88203125 0.6078125 0.15 0.1875
1 0.884375 0.82578125 0.1578125 0.1734375
1 0.50703125 0.84765625 0.1640625 0.190625