1 0.14765625 0.6625 0.2171875 0.1578125
1 0.153125 0.46875 0.240625 0.1734375
1 0.15078125 0.29140625 0.225 0.1703125
1 0.15546875 0.10546875 0.2109375 0.1640625
1 0.396875 0.1125 0.203125 0.1375
1 0.39375 0.28203125 0.21875 0.16875
1 0.40078125 0.46796875 0.196875 0.146875
1 0.38671875 0.66328125 0.190625 0.1578125
1 0.62890625 0.67890625 0.196875 0.16875
1 0.83828125 0.853125 0.1921875 0.1609375
1 0.63046875 0.4890625 0.2015625 0.1546875
1 0.615625 0.31171875 0.1828125 0.1546875
1 0.6140625 0.1203125 0.1890625 0.153125
1 0.83203125 0.121875 0.175 0.1609375
1 0.84765625 0.49921875 0.19375 0.1671875