1 0.14939236111111112 0.6486747685185186 0.22747685185185187 0.17385416666666664
1 0.16214699074074074 0.4553877314814815 0.25119212962962967 0.1932986111111111
1 0.1665509259259259 0.2782523148148148 0.23549768518518518 0.18814814814814812
1 0.1778703703703704 0.09351273148148148 0.22131944444444446 0.17991898148148147
1 0.41878472222222224 0.1201736111111111 0.21157407407407405 0.1546412037037037
1 0.4087847222222222 0.28855324074074074 0.22763888888888886 0.18479166666666663
1 0.4099768518518518 0.47444444444444445 0.20543981481481488 0.1622685185185185
1 0.3878587962962963 0.6682349537037038 0.20091435185185186 0.1730671296296297
1 0.6296817129629629 0.7035127314814815 0.20732638888888885 0.18418981481481467
1 0.8324247685185184 0.8945949074074073 0.20252314814814837 0.17623842592592603
1 0.637818287037037 0.5147743055555555 0.2118287037037037 0.17182870370370368
1 0.6297106481481481 0.3364872685185185 0.19305555555555554 0.1697106481481482
1 0.63546875 0.14533564814814814 0.19928240740740738 0.1683333333333333
1 0.8536226851851852 0.1642939814814815 0.18531249999999985 0.17416666666666664
1 0.855318287037037 0.5423032407407408 0.2041782407407407 0.18253472222222217