1 0.3924479166666667 0.1086892361111111 0.20656249999999998 0.2173784722222222
1 0.5796875 0.126484375 0.22854166666666664 0.25296875
1 0.7528125 0.12872395833333333 0.22125000000000003 0.25744791666666667
1 0.9096875000000001 0.1474652777777778 0.165625 0.24770833333333334
1 0.8681770833333333 0.38569444444444445 0.1851041666666667 0.23701388888888886
1 0.7039583333333332 0.3676736111111111 0.21760416666666665 0.2585416666666666
1 0.5220312500000001 0.3589930555555555 0.19260416666666663 0.23302083333333332
1 0.33458333333333334 0.32828124999999997 0.20177083333333332 0.2307291666666667
1 0.2618229166666667 0.5692881944444445 0.21312499999999995 0.2379513888888889
1 0.07161458333333334 0.7635416666666666 0.14322916666666669 0.23229166666666679
1 0.44625000000000004 0.5870659722222222 0.20083333333333328 0.2399652777777778
1 0.6225520833333333 0.5869270833333333 0.19645833333333335 0.22093749999999995
1 0.8086979166666668 0.6022222222222222 0.1953125 0.22704861111111113
1 0.7553124999999999 0.8205381944444443 0.19916666666666671 0.2149652777777778
1 0.38442708333333336 0.8038020833333333 0.21135416666666665 0.23468750000000008