1 0.14274884259259257 0.6548437500000001 0.21835648148148148 0.169074074074074
1 0.1496527777777778 0.4608101851851852 0.24190972222222223 0.18591435185185184
1 0.14862268518518518 0.28358796296296296 0.22626157407407405 0.18197916666666672
1 0.1546875 0.09740740740740741 0.21215277777777777 0.175
1 0.3960416666666667 0.09192129629629629 0.20414351851851853 0.14803240740740742
1 0.39166087962962964 0.2616145833333333 0.21999999999999992 0.18009259259259255
1 0.3973148148148148 0.44718749999999996 0.19796296296296295 0.1570833333333333
1 0.38180555555555556 0.6432291666666666 0.19179398148148152 0.1676967592592593
1 0.6238773148148148 0.6462962962962963 0.19812499999999994 0.17895833333333327
1 0.8319618055555555 0.8096585648148148 0.19337962962962968 0.1709027777777777
1 0.6268460648148148 0.4563715277777778 0.20270833333333335 0.16513888888888886
1 0.6133159722222222 0.2797974537037037 0.18395833333333336 0.16416666666666666
1 0.6131712962962963 0.08847222222222222 0.19019675925925927 0.16292824074074072
1 0.8311284722222222 0.08186921296296297 0.17619212962962968 0.16373842592592594
1 0.8439583333333334 0.45526620370370374 0.19498842592592602 0.1772337962962963