1 0.5859375 0.878125 0.196875 0.2421875
1 0.39765625 0.8328125 0.2171875 0.2671875
1 0.2234375 0.7984375 0.2109375 0.2515625
1 0.071875 0.7546875 0.14375 0.2375
1 0.1 0.5203125 0.175 0.225
1 0.26484375 0.55859375 0.2078125 0.2453125
1 0.44765625 0.58984375 0.1828125 0.2203125
1 0.6359375 0.6453125 0.1921875 0.2171875
1 0.7015625 0.4109375 0.203125 0.225
1 0.909375 0.2421875 0.18125 0.21875
1 0.51640625 0.3703125 0.1921875 0.2265625
1 0.33984375 0.3484375 0.1875 0.209375
1 0.15234375 0.309375 0.1875 0.2140625
1 0.1984375 0.0984375 0.190625 0.196875
1 0.57109375 0.159375 0.2015625 0.2203125