1 0.85234375 0.3375 0.2171875 0.1578125
1 0.846875 0.53125 0.240625 0.1734375
1 0.84921875 0.70859375 0.225 0.171875
1 0.84453125 0.89453125 0.2109375 0.1640625
1 0.603125 0.8875 0.203125 0.1375
1 0.60625 0.71796875 0.21875 0.16875
1 0.59921875 0.53203125 0.196875 0.146875
1 0.61328125 0.33671875 0.190625 0.1578125
1 0.37109375 0.32109375 0.196875 0.16875
1 0.16171875 0.146875 0.1921875 0.159375
1 0.36953125 0.5109375 0.2015625 0.1546875
1 0.384375 0.68828125 0.1828125 0.1546875
1 0.3859375 0.8796875 0.1890625 0.153125
1 0.16796875 0.878125 0.175 0.1609375
1 0.15234375 0.50078125 0.19375 0.1671875