1 0.325 0.15390625 0.15 0.2125
1 0.51875 0.15234375 0.165625 0.23515625
1 0.69609375 0.14375 0.16328125 0.21875
1 0.88203125 0.1421875 0.15546875 0.20625
1 0.88359375 0.38359375 0.13125 0.1984375
1 0.7140625 0.3859375 0.1609375 0.2125
1 0.52890625 0.4 0.140625 0.1921875
1 0.3328125 0.3921875 0.1515625 0.1859375
1 0.32578125 0.63515625 0.16328125 0.18984375
1 0.15859375 0.85078125 0.15390625 0.1875
1 0.515625 0.6296875 0.1484375 0.196875
1 0.6921875 0.60859375 0.1484375 0.17890625
1 0.88359375 0.60078125 0.146875 0.18359375
1 0.88984375 0.81875 0.1546875 0.1703125
1 0.51328125 0.84765625 0.1609375 0.18671875