1 0.8782986111111111 0.29149305555555555 0.23652777777777773 0.20039351851851847
1 0.8582118055555557 0.48616319444444445 0.26052083333333337 0.22140046296296295
1 0.847818287037037 0.6642303240740741 0.24475694444444435 0.21520833333333336
1 0.8279803240740741 0.8408564814814815 0.23142361111111107 0.18587962962962976
1 0.5882696759259259 0.8420023148148148 0.2187384259259259 0.17842592592592582
1 0.6043865740740741 0.6720023148148148 0.23841435185185186 0.21148148148148138
1 0.6113773148148148 0.48486111111111113 0.2142824074074074 0.18578703703703706
1 0.6400347222222222 0.2885821759259259 0.2099189814814814 0.19627314814814817
1 0.3997685185185185 0.27097800925925924 0.21649305555555554 0.2078125
1 0.2033564814814815 0.09650752314814814 0.21152777777777781 0.1930150462962963
1 0.38427662037037036 0.46207175925925925 0.22081018518518522 0.1957638888888889
1 0.385625 0.6397916666666668 0.20196759259259256 0.1908333333333335
1 0.37252314814814813 0.8322222222222223 0.20821759259259257 0.19143518518518512
1 0.15539930555555553 0.8288425925925926 0.19585648148148146 0.1949189814814815
1 0.16767939814814814 0.45002314814814814 0.21332175925925928 0.205949074074074