2 0.09722222222222224 0.3085069444444445 0.1890625 0.21173611111111104
2 0.5684027777777778 0.13357638888888887 0.18263888888888893 0.20961805555555557
2 0.3346354166666667 0.5527256944444444 0.1859375 0.21145833333333322
2 0.10460069444444446 0.7433506944444443 0.1890625 0.2117361111111112
2 0.4658854166666667 0.756875 0.18836805555555552 0.21940972222222221
2 0.6496527777777777 0.60671875 0.18611111111111106 0.21302083333333338
2 0.715017361111111 0.38045138888888885 0.1859375 0.2114583333333334
0 0.5131944444444445 0.40767361111111117 0.13298611111111108 0.1526041666666668
0 0.8063368055555555 0.17121527777777779 0.14027777777777786 0.16253472222222226
0 0.31788194444444445 0.34149305555555554 0.13472222222222213 0.1543055555555556
0 0.18975694444444444 0.4921180555555555 0.13802083333333334 0.15614583333333343