2 0.2639930555555555 0.8720138888888889 0.18934027777777782 0.1696527777777778
2 0.18845486111111112 0.39640624999999996 0.18760416666666666 0.16170138888888896
2 0.5638194444444444 0.6599131944444444 0.18923611111111108 0.16496527777777778
2 0.70796875 0.9013020833333334 0.18930555555555556 0.1680902777777778
2 0.7995659722222223 0.5485763888888889 0.19708333333333333 0.16722222222222224
2 0.6871875000000001 0.3569791666666667 0.19079861111111107 0.1651041666666667
2 0.4714236111111111 0.27361111111111114 0.18923611111111108 0.16496527777777778
0 0.45524305555555555 0.47335069444444444 0.13673611111111103 0.11819444444444435
0 0.2788715277777778 0.16725694444444444 0.1462152777777778 0.12371527777777777
0 0.34545138888888893 0.6585069444444445 0.13829861111111103 0.11833333333333336
0 0.47076388888888887 0.7964583333333333 0.13993055555555553 0.12159722222222218