2 0.7378819444444444 0.24535879629629628 0.1821296296296296 0.15435185185185185
2 0.757824074074074 0.7238657407407407 0.18032407407407405 0.14951388888888886
2 0.4121006944444444 0.4259780092592592 0.1819675925925925 0.1512268518518518
2 0.296412037037037 0.1737962962962963 0.1821296296296296 0.15435185185185185
2 0.16333912037037038 0.5142997685185186 0.18978009259259254 0.15197916666666664
2 0.2534143518518518 0.7153356481481481 0.18353009259259262 0.15137731481481467
2 0.4600983796296296 0.817679398148148 0.18196759259259263 0.15122685185185186
0 0.5001157407407407 0.6213194444444444 0.13150462962962967 0.10749999999999993
0 0.6405266203703703 0.9418344907407408 0.14104166666666665 0.11152777777777771
0 0.6307291666666667 0.4493865740740741 0.13306712962962966 0.10765046296296288
0 0.5214930555555556 0.29989583333333336 0.13479166666666664 0.11092592592592591