2 0.2306134259259259 0.17362268518518517 0.17447916666666669 0.2055439814814815
2 0.700144675925926 0.2124363425925926 0.16817129629629618 0.2036574074074074
2 0.352662037037037 0.5205208333333333 0.1713541666666666 0.20538194444444446
2 0.08752893518518519 0.6052256944444444 0.17447916666666666 0.20554398148148145
2 0.39684606481481477 0.7802256944444445 0.17320601851851852 0.21327546296296304
2 0.6074652777777778 0.7147222222222223 0.17141203703703703 0.2069444444444443
2 0.741724537037037 0.5214004629629629 0.17135416666666678 0.20538194444444446
0 0.5569444444444445 0.4576851851851852 0.12245370370370381 0.14826388888888892
0 0.8928819444444445 0.35605324074074074 0.12905092592592596 0.15796296296296292
0 0.41131365740740744 0.3053877314814815 0.12407407407407404 0.14990740740740732
0 0.24733796296296298 0.3957638888888889 0.12725694444444444 0.1516319444444445