1 0.6959201388888889 0.8644328703703703 0.18968750000000015 0.17939814814814808
1 0.552181712962963 0.8292592592592593 0.19980324074074077 0.19245370370370374
1 0.4041261574074074 0.7875578703703704 0.17737268518518512 0.18178240740740748
1 0.25785879629629627 0.7553703703703704 0.17627314814814818 0.1895023148148148
1 0.11390046296296297 0.6974479166666667 0.16753472222222224 0.17341435185185183
1 0.29455439814814816 0.5991782407407407 0.19557870370370373 0.19998842592592592
1 0.43819444444444444 0.6492418981481481 0.18721064814814808 0.19015046296296295
1 0.5856539351851853 0.6877719907407407 0.1789351851851851 0.18187500000000015
1 0.7335243055555556 0.7325983796296296 0.20081018518518529 0.18317129629629622
1 0.7669560185185185 0.5785648148148148 0.19998842592592608 0.19557870370370373
1 0.6178009259259258 0.5289583333333333 0.19861111111111107 0.19861111111111107
1 0.46532986111111113 0.49561921296296296 0.18233796296296295 0.1867476851851851
1 0.32233217592592595 0.44794560185185184 0.18721064814814808 0.19015046296296295
1 0.17469328703703704 0.39921296296296294 0.18877314814814813 0.1902430555555556
1 0.20559606481481482 0.24816550925925923 0.20054398148148148 0.20495370370370375
1 0.5061574074074074 0.3490798611111111 0.18665509259259264 0.18077546296296293
1 0.6550405092592593 0.3900462962962963 0.1945601851851851 0.18280092592592592
1 0.8069618055555555 0.41943287037037036 0.19236111111111107 0.19824074074074077
1 0.8590451388888889 0.28140046296296295 0.20063657407407404 0.20651620370370374
1 0.303050396875 0.25917059375 0.291870871875 0.32065263437499997 0.3304561328125 0.36732523125 0.37468804218749996 0.374078453125 0.411515228125 0.3559492828125 0.43574612031250004 0.2794302609375 0.4014733921875 0.2338642390625 0.34430388437500004 0.2237912890625 0.303050396875 0.25917059375
1 0.0942284984375 0.4997623046875 0.07442390625 0.5590311953125 0.11079601718750001 0.6143288578125 0.16254641718750001 0.627607765625 0.211318396875 0.5987541453125 0.22570387812499998 0.5426912125000001 0.2075747078125 0.5058640265625 0.14078732656249998 0.47953375 0.0942284984375 0.4997623046875