1 0.228125 0.20234375 0.16875 0.1578125
1 0.37578125 0.215625 0.178125 0.16875
1 0.528125 0.2359375 0.15625 0.1609375
1 0.6765625 0.24609375 0.15625 0.1703125
1 0.82734375 0.28203125 0.146875 0.153125
1 0.66328125 0.40546875 0.171875 0.178125
1 0.51484375 0.37734375 0.165625 0.1671875
1 0.36328125 0.3609375 0.1578125 0.1609375
1 0.2109375 0.3375 0.18125 0.1578125
1 0.2 0.4953125 0.178125 0.171875
1 0.3546875 0.52265625 0.175 0.175
1 0.51015625 0.53359375 0.1609375 0.165625
1 0.6578125 0.559375 0.165625 0.1671875
1 0.8109375 0.5859375 0.165625 0.1671875
1 0.80234375 0.7390625 0.178125 0.18125
1 0.490625 0.68359375 0.165625 0.159375
1 0.33828125 0.66484375 0.1734375 0.159375
1 0.18359375 0.6578125 0.16875 0.175
1 0.15234375 0.80234375 0.1765625 0.184375