1 0.7515625 0.18515625 0.15 0.1625
1 0.7609375 0.3328125 0.1609375 0.1703125
1 0.765625 0.4859375 0.1546875 0.15
1 0.77890625 0.63515625 0.1640625 0.1484375
1 0.76640625 0.78984375 0.146875 0.140625
1 0.61875 0.64609375 0.1703125 0.1640625
1 0.6234375 0.4953125 0.1609375 0.1578125
1 0.61640625 0.34296875 0.1546875 0.1515625
1 0.61484375 0.1890625 0.1484375 0.175
1 0.4578125 0.20234375 0.1640625 0.1703125
1 0.45546875 0.36015625 0.1671875 0.1671875
1 0.46875 0.51484375 0.159375 0.153125
1 0.46640625 0.665625 0.1609375 0.1578125
1 0.46328125 0.8203125 0.1609375 0.1578125
1 0.3109375 0.8359375 0.1734375 0.16875
1 0.3171875 0.51953125 0.1515625 0.159375
1 0.3125 0.365625 0.1515625 0.1671875
1 0.29453125 0.21171875 0.1671875 0.1609375
1 0.14765625 0.20390625 0.1765625 0.16875
1 0.3521104015625 0.6078878 0.271987434375 0.6076363234375 0.2388066484375 0.6538806921875 0.2462688578125 0.7113466828125 0.292280621875 0.740089115625 0.354184965625 0.7323943015625 0.387133146875 0.6817115796875 0.38036875000000003 0.6375606484375 0.3521104015625 0.6078878
1 0.6431431515625 0.7261517328125 0.5854445546875 0.7291755875 0.55577170625 0.7574339390625 0.5506166671875 0.8289128031249999 0.5837785796875 0.8672297546875001 0.646148134375 0.86841165 0.687973021875 0.8172637187499999 0.6851817703124999 0.764003475 0.6431431515625 0.7261517328125