3 0.09296875 0.11640625 0.15703125 0.190625
3 0.0953125 0.3078125 0.16875 0.19296875
3 0.2609375 0.303125 0.1734375 0.18671875
3 0.42265625 0.30390625 0.1578125 0.18828125
3 0.41953125 0.11171875 0.1671875 0.1875
3 0.58828125 0.1171875 0.15234375 0.1890625
3 0.746875 0.11875 0.17109375 0.1828125
3 0.91328125 0.11875 0.17265625 0.1828125
3 0.91640625 0.30625 0.16640625 0.1890625
3 0.75078125 0.30625 0.165625 0.18828125
3 0.58203125 0.30234375 0.16640625 0.19609375
3 0.25703125 0.49609375 0.1609375 0.18359375
3 0.4234375 0.4953125 0.1640625 0.18671875
3 0.58671875 0.49296875 0.16484375 0.1796875
3 0.9109375 0.49765625 0.16484375 0.1703125
3 0.746875 0.6828125 0.1578125 0.17578125
3 0.25546875 0.68125 0.16875 0.184375
3 0.090625 0.6796875 0.1609375 0.18515625
3 0.09375 0.86953125 0.15703125 0.18203125
3 0.25703125 0.8671875 0.1640625 0.178125
3 0.42265625 0.86796875 0.1609375 0.18515625
3 0.58671875 0.87578125 0.16640625 0.20390625
3 0.74921875 0.8734375 0.17265625 0.18984375
3 0.91484375 0.87109375 0.159375 0.1828125