1 0.7236226851851851 0.12718749999999998 0.17078703703703724 0.1775
1 0.7242476851851852 0.2738541666666667 0.18403935185185194 0.18614583333333332
1 0.7189525462962963 0.4255729166666667 0.1742708333333333 0.16531249999999992
1 0.7226273148148149 0.5728125000000001 0.18193287037037037 0.1642708333333335
1 0.70140625 0.7286979166666667 0.1655555555555555 0.1554166666666667
1 0.5615972222222222 0.600625 0.19140046296296304 0.18197916666666672
1 0.5761921296296296 0.4490625 0.18127314814814816 0.17354166666666662
1 0.578287037037037 0.29833333333333334 0.17442129629629619 0.16687500000000002
1 0.5860763888888889 0.14489583333333333 0.17184027777777774 0.18843749999999998
1 0.42802083333333335 0.1740625 0.18716435185185176 0.18635416666666665
1 0.41516782407407404 0.33171875 0.19013888888888886 0.18499999999999997
1 0.41980324074074077 0.4851041666666667 0.17925925925925928 0.16875
1 0.4077025462962963 0.6349479166666667 0.18127314814814816 0.17354166666666657
1 0.3959317129629629 0.7894270833333333 0.18127314814814816 0.17354166666666657
1 0.24155671296296294 0.8206770833333333 0.19653935185185184 0.18697916666666678
1 0.26733796296296297 0.5045833333333334 0.17204861111111108 0.1744791666666666
1 0.2719270833333333 0.3521354166666667 0.17436342592592596 0.18239583333333337
1 0.2640162037037037 0.20052083333333334 0.18797453703703706 0.1786458333333333
1 0.11666087962962964 0.2072395833333333 0.1979513888888889 0.18552083333333336
1 0.18050106562499998 0.64661339375 0.18445895 0.703153071875 0.228834309375 0.7271397515625 0.2913809703125 0.71318265625 0.32752859375 0.659303646875 0.32345372031249997 0.6159690921875 0.29693769375 0.5892523015625 0.21660969218749998 0.5971360921875 0.18050106562499998 0.64661339375
1 0.49198649687499996 0.7176825765625 0.48243289375 0.7894749609375 0.5133357609375 0.8243126390625 0.57580443125 0.8191589609375001 0.62088171875 0.7639148953125 0.621349671875 0.7110943984375 0.5815171375 0.6776217734375 0.5234743046875 0.6864946328125 0.49198649687499996 0.7176825765625