3 0.17578125 0.9328125 0.2109375 0.134375
3 0.365625 0.91484375 0.215625 0.1703125
3 0.33828125 0.7640625 0.209375 0.1984375
3 0.31640625 0.60390625 0.2078125 0.1828125
3 0.1265625 0.63359375 0.209375 0.1921875
3 0.10859375 0.465625 0.2078125 0.178125
3 0.0953125 0.30859375 0.190625 0.1953125
3 0.08359375 0.14296875 0.1671875 0.1953125
3 0.25 0.11484375 0.2109375 0.190625
3 0.2734375 0.27890625 0.209375 0.190625
3 0.29296875 0.44609375 0.21875 0.1921875
3 0.5296875 0.74140625 0.2046875 0.184375
3 0.50625 0.5765625 0.2078125 0.1890625
3 0.48125 0.41484375 0.2015625 0.1890625
3 0.440625 0.09375 0.1921875 0.1875
3 0.646875 0.23046875 0.1953125 0.18125
3 0.71328125 0.7171875 0.20625 0.1921875
3 0.73515625 0.88046875 0.2046875 0.184375
3 0.9109375 0.85078125 0.178125 0.1796875
3 0.89765625 0.68984375 0.2 0.1875
3 0.875 0.525 0.2046875 0.184375
3 0.86015625 0.36171875 0.2234375 0.1921875
3 0.83515625 0.2015625 0.2125 0.196875
3 0.809375 0.0640625 0.203125 0.128125