1 0.2609375 0.175 0.18125 0.171875
1 0.40625 0.2046875 0.190625 0.1828125
1 0.55546875 0.23984375 0.1703125 0.1734375
1 0.70234375 0.265625 0.1703125 0.1828125
1 0.8484375 0.31796875 0.159375 0.165625
1 0.671875 0.4234375 0.1859375 0.1921875
1 0.52734375 0.3796875 0.178125 0.18125
1 0.378125 0.346875 0.171875 0.1734375
1 0.22890625 0.30859375 0.1921875 0.171875
1 0.2015625 0.4640625 0.1921875 0.1859375
1 0.353125 0.50703125 0.1890625 0.1890625
1 0.50625 0.534375 0.1734375 0.178125
1 0.65078125 0.575 0.178125 0.18125
1 0.8 0.61796875 0.178125 0.18125
1 0.77578125 0.76953125 0.1921875 0.1953125
1 0.471875 0.68203125 0.178125 0.171875
1 0.321875 0.646875 0.1859375 0.1734375
1 0.16875 0.6234375 0.1828125 0.1875
1 0.12265625 0.7640625 0.190625 0.1984375
1 0.5659349671875 0.6707738 0.5449547109374999 0.74810155625 0.5810355203124999 0.7921206578125 0.6384747671875 0.7997860109375 0.6781465453125 0.7627811484375 0.68673595 0.7009945796875 0.6463078171875 0.656051425 0.6019105375 0.6511582296875 0.5659349671875 0.6707738
1 0.755493971875 0.420266709375 0.743481296875 0.47678190468750004 0.7630968703125001 0.512757475 0.830805928125 0.5362369515625 0.8764001953125 0.5141221609375 0.8936842468749999 0.45418369375 0.8551042171875001 0.40054589687500003 0.8029363437500001 0.38945727343750003 0.755493971875 0.420266709375