1 0.81484375 0.7515625 0.1625 0.15
1 0.6671875 0.7609375 0.1703125 0.1609375
1 0.5140625 0.765625 0.15 0.1546875
1 0.36484375 0.77890625 0.146875 0.1640625
1 0.21015625 0.76640625 0.140625 0.146875
1 0.35390625 0.61875 0.1640625 0.1703125
1 0.5046875 0.6234375 0.1578125 0.1609375
1 0.65703125 0.61640625 0.1515625 0.1546875
1 0.8109375 0.61484375 0.175 0.15
1 0.79765625 0.4578125 0.1703125 0.1640625
1 0.63984375 0.45546875 0.1671875 0.1671875
1 0.48515625 0.46875 0.153125 0.159375
1 0.334375 0.46640625 0.1578125 0.1609375
1 0.1796875 0.46328125 0.159375 0.1609375
1 0.1640625 0.3109375 0.16875 0.1734375
1 0.48046875 0.3171875 0.159375 0.1515625
1 0.634375 0.3125 0.1671875 0.1515625
1 0.78828125 0.29453125 0.1609375 0.16875
1 0.79609375 0.14765625 0.16875 0.1765625