2 0.47531828703703705 0.7380208333333333 0.35822916666666665 0.29885416666666664
2 0.15712962962962962 0.7508854166666666 0.31425925925925924 0.2892708333333333
2 0.2897106481481481 0.3603472222222222 0.328425925925926 0.2805902777777778
2 0.3742997685185185 0.12786458333333334 0.338900462962963 0.2190625
2 0.8347337962962964 0.23680555555555557 0.32693287037037067 0.2898263888888889
2 0.6132291666666667 0.3781597222222222 0.34744212962962956 0.31819444444444445
2 0.8455787037037037 0.77796875 0.3001157407407408 0.25309027777777793
2 0.6983644078125 1 0.70290799375 0.9340219296875001 0.6785761375 0.8915099671875 0.6394360875 0.851716634375 0.6197316546875 0.8499651296874999 0.6048935921874999 0.8567160156250001 0.5998480078124999 0.872407171875 0.560439140625 0.8689041625 0.52094066875 0.8774979249999999 0.4617975 0.8762756671874999 0.4175222625 0.864270265625 0.40761030781249996 0.8714590281250001 0.3876071890625 0.9100301046875 0.38739810937499997 0.9382559109375 0.41199878281249996 0.94447755 0.446332196875 0.967703975 0.45116870000000003 0.9802386249999999 0.47281378281249997 1 0.6983644078125 1
2 0.9932510296875 1 0.9938470734375 0.91953405 0.9398689609374999 0.8864916046875001 0.9053862031250001 0.8834264703124999 0.9004899625 0.8789563359375 0.8463027703125 0.8741396968749999 0.78208415 0.8926408531250001 0.7473923109375 0.917801525 0.71750710625 0.95952910625 0.7172073218749999 1 0.9932510296875 1
2 0.11529948125 0.405670321875 0.1053277890625 0.42092359999999995 0.09505741250000001 0.47649946249999997 0.1095071828125 0.522167928125 0.1290025375 0.552145240625 0.158379975 0.578966046875 0.16823219218750002 0.5798418 0.192743259375 0.5981602125000001 0.23209238906250002 0.609727740625 0.28627958124999997 0.6145443796875 0.30111764375 0.6077934921875 0.335630271875 0.6068263671875 0.385100434375 0.5829793249999999 0.420001353125 0.529592846875 0.4250469359375 0.5139016890625 0.4204792515625 0.4650767171875 0.346288940625 0.498831153125 0.3413927 0.49436101875 0.3216285296875 0.5006740296875 0.3167322890625 0.4962038953125 0.2428107953125 0.493668009375 0.2133138828125 0.48297623593749994 0.178980465625 0.45974981093749995 0.139840415625 0.4199564765625 0.13013754375 0.3989194328125 0.11529948125 0.405670321875
2 0.725509678125 0.5446444015624999 0.671143275 0.5640213109375 0.6906983656250001 0.5859341062500001 0.7054169546875 0.5953122515625 0.7300474968749999 0.5975016328125 0.7348839984375 0.610036284375 0.7447362156249999 0.6109120359375 0.7398997125 0.5983773859375 0.7596340140625 0.5960966328125 0.78450350625 0.56602795 0.8635004500000001 0.548840421875 0.9423181843749999 0.5558464437499999 0.9473040296875 0.5482198046875 0.9526781671875 0.4881738078125 0.9235695453125 0.4250626796875 0.8892958671875 0.393771740625 0.8549027140625001 0.37860983125000003 0.8253460625000001 0.3759825734375 0.79584915 0.3652908 0.78104095625 0.36800942812500004 0.79074383125 0.389046471875 0.7856385109375 0.41280214375 0.795341384375 0.4338391875 0.7801448984375 0.4889771703125 0.725509678125 0.5446444015624999
2 0.1221599921875 0.1017087671875 0.10791729531250001 0.09263519375 0.07828009999999999 0.079586665625 0.0043586046875 0.0770507796875 0.002417146875 0.3391475546875 0.0615005796875 0.348434328125 0.11580724687499999 0.337121934375 0.12103204062499999 0.2972372296875 0.1607993296875 0.25235314375 0.1806232375 0.2379756171875 0.2201515796875 0.22534959375 0.220241184375 0.2132528203125 0.2149311171875 0.205817296875 0.20466615 0.18788262656250002 0.202616571875 0.1882594828125 0.1948056765625 0.16933947968750002 0.1901624421875 0.1520083578125 0.17760723437499998 0.1300681515625 0.158615359375 0.117965875 0.14120969218749999 0.10600459375 0.1221599921875 0.1017087671875