2 0.3341840277777778 0.533449074074074 0.3436458333333333 0.4174768518518519
2 0.22517939814814816 0.2165798611111111 0.3289236111111111 0.3790509259259259
2 0.647175925925926 0.31550925925925927 0.32138888888888884 0.38315972222222233
2 0.8843576388888887 0.3777199074074074 0.23128472222222235 0.3802083333333333
2 0.8833101851851852 0.8255208333333334 0.23337962962962955 0.3489583333333332
2 0.7269560185185184 0.637991898148148 0.36037037037037045 0.4109375
2 0.40464699074074073 0.8643518518518519 0.2873495370370371 0.2712962962962962
2 0.21167286562499998 0.7771364453125 0.245830528125 0.7491659765625001 0.2728661453125 0.7067636578125 0.268630396875 0.6870734890625 0.25756311875 0.6729774140625 0.24072324531249997 0.6693979734375 0.23225175 0.6300176343749999 0.2119445546875 0.5916446234375 0.1952920796875 0.5329098921875 0.19365211875 0.48793546093750007 0.1836437765625 0.47876192812499996 0.13995568593750002 0.46242951562499995 0.11233904374999999 0.4647799453125 0.11368849375000001 0.4897284328125 0.1013748765625 0.52586510625 0.090598109375 0.5317949750000001 0.067507728125 0.5738615171875 0.043067896875 0.590979575 0.0843664265625 0.7829587234375001 0.089370596875 0.787545490625 0.09832000156250001 0.79179648125 0.1317092390625 0.7789294156250001 0.21167286562499998 0.7771364453125
2 0.3279121765625 1 0.32215825625 0.9732524921874999 0.325044553125 0.9679941718749999 0.3133962515625 0.9138462078125 0.2759586671875 0.8518678124999999 0.24092946875000001 0.819760446875 0.1911782703125 0.7939187265625 0.1241092828125 0.7996269125000001 0.09495579374999999 0.832184146875 0.13105631874999998 1 0.3279121765625 1
2 0.5435971140625 0.17242988125 0.5612054125 0.1609059203125 0.5501381328125 0.14680984531250002 0.5322393234375 0.1383078625 0.474888165625 0.1331636375 0.434667396875 0.151624796875 0.4112865015625 0.1736653953125 0.393968715625 0.205215303125 0.3960865890625 0.21506038906249997 0.3856003359375 0.2410162015625 0.3861813578125 0.281068090625 0.3978296609375 0.33521605625 0.40889694218750006 0.34931213125 0.42025473281250003 0.3834341515625 0.458460740625 0.43030914375 0.5211065796875001 0.46006608125000004 0.5379464546875 0.4636455203125 0.58423033125 0.45469367031249996 0.5288939375 0.38421329375 0.531780234375 0.37895497499999997 0.5196540203125 0.3599363578125 0.5225403156249999 0.3546780390625 0.5027110312499999 0.28117568125000003 0.50424788125 0.2509688765625 0.516561496875 0.2148322015625 0.5435971140625 0.17242988125
2 0.72783326875 0.8234344703125 0.669423178125 0.8133677031250001 0.5985963578125 0.7642563734375 0.563276646875 0.7121230625 0.547786221875 0.7334921109375 0.5430725625 0.7489312890625001 0.5483672453125 0.773544 0.5375904796875 0.77947386875 0.539708353125 0.7893189546875 0.55048511875 0.783389084375 0.5586661015625001 0.8027434781249999 0.595522659375 0.8246699843749999 0.636137053125 0.9014160046875 0.6530800390625 0.98017668125 0.6620294453125 0.984427671875 0.7222668999999999 0.9843135796875 0.775091796875 0.9497416921875 0.7952958812500001 0.912933465625 0.799719028125 0.87746834375 0.79336540625 0.8479330875000001 0.79490225625 0.8177262843750001 0.7877802125 0.8032944328125 0.7701719125 0.814818396875 0.7454415703125 0.8119105093749999 0.72783326875 0.8234344703125
2 0.6172071203125 0.14110165937500002 0.6577184015624999 0.14266644374999998 0.7135327078125 0.17801747343750002 0.7335493921875 0.196364540625 0.7578018234375 0.23440177499999998 0.7696375265625 0.23339444843749999 0.775293721875 0.22745722812500002 0.7897039328125001 0.2156572265625 0.7887176203124999 0.2136597890625 0.8048301796875 0.20420303125 0.820347496875 0.1980301015625 0.8379767953125 0.1835970046875 0.8440603031249999 0.16367520625 0.8504847859375 0.14533846718750001 0.8489303203125 0.12606673125 0.8534902546875 0.111126865625 0.8572853984375 0.080567453125 0.852587815625 0.063154653125 0.5831256078125 0.0431944890625 0.5897778796875001 0.088296796875 0.6172071203125 0.14110165937500002