2 0.51953125 0.3046875 0.35625 0.2671875
2 0.840625 0.26328125 0.31875 0.2609375
2 0.7078125 0.665625 0.32578125 0.2515625
2 0.625 0.90546875 0.3375 0.1890625
2 0.1640625 0.8375 0.325 0.2609375
2 0.384375 0.6765625 0.3453125 0.28828125
2 0.14921875 0.29765625 0.2984375 0.2265625
2 0.295566503125 0 0.29064039375 0.0040322578125000005 0.28571428593750003 0.0120967734375 0.295566503125 0.048387096875 0.29064039375 0.1290322578125 0.3152709359375 0.16935483906249998 0.35467980312499997 0.2056451609375 0.3743842359375 0.2056451609375 0.3891625609375 0.1975806453125 0.3940886703125 0.1814516125 0.4334975375 0.1814516125 0.4729064046875 0.16935483906249998 0.5320197046875 0.16532258125 0.5763546796875 0.173387096875 0.586206896875 0.16532258125 0.6059113296875 0.125 0.6059113296875 0.09677419375 0.5812807875 0.09274193593749999 0.5467980296875 0.0725806453125 0.541871921875 0.0604838703125 0.5024630546875 0.028225806250000002 0.4876847296875 0 0.295566503125 0
2 0 0 0 0.16935483906249998 0.0541871921875 0.1975806453125 0.08866995 0.1975806453125 0.093596059375 0.20161290312500002 0.1477832515625 0.20161290312500002 0.21182265937500003 0.1774193546875 0.24630541875 0.1491935484375 0.27586206875 0.10483870937499999 0.27586206875 0.036290321874999996 0.24630541875 0 0 0
2 0.6551724140624999 0.5362903218749999 0.6748768468749999 0.52822580625 0.67980295625 0.5322580640625 0.75369458125 0.52822580625 0.78325123125 0.5362903218749999 0.817733990625 0.5564516125 0.8571428578125 0.5927419359375 0.8669950734375 0.6129032265625 0.8817733984375 0.604838709375 0.891625615625 0.5887096781250001 0.9014778328125 0.5322580640625 0.8866995078125001 0.48790322656249996 0.8669950734375 0.45967741875 0.8374384234375001 0.4354838703125 0.82758620625 0.4354838703125 0.802955665625 0.4193548390625 0.7635467984375001 0.411290321875 0.7093596062499999 0.411290321875 0.69458128125 0.4193548390625 0.660098521875 0.423387096875 0.6108374390625 0.451612903125 0.5763546796875 0.508064515625 0.5714285718750001 0.5241935484375 0.5763546796875 0.5725806453125 0.6502463046875 0.5322580640625 0.6551724140624999 0.5362903218749999
2 0.1428571421875 0.6975806453125 0.17241379375000002 0.6975806453125 0.20197044375 0.7056451609375001 0.21674876875 0.701612903125 0.2068965515625 0.6814516125 0.21182265937500003 0.6572580640625 0.20197044375 0.6370967734375 0.21674876875 0.5806451609375001 0.2709359609375 0.520161290625 0.325123153125 0.4959677421875 0.30541871875000004 0.47580645156249995 0.29064039375 0.4677419359375 0.2660098515625 0.4677419359375 0.26108374375 0.4556451609375 0.2512315265625 0.4556451609375 0.2561576359375 0.4677419359375 0.2364532015625 0.47177419374999996 0.21182265937500003 0.5040322578125 0.13300492656250001 0.52822580625 0.0541871921875 0.52822580625 0.049261084375 0.5362903218749999 0.044334975 0.59677419375 0.073891625 0.6572580640625 0.108374384375 0.6854838703125 0.1428571421875 0.6975806453125
2 0.7836867390625 0.8134105484375 0.7940777140625 0.8304215765625 0.796123153125 0.829862903125 0.8040689656250001 0.8480766125000001 0.8088374390625 0.8649838703125001 0.8215467984375 0.8857943546874999 0.8406157640625 0.8962016125 0.8580985218749999 0.9066088703125 0.8771674875000001 0.909209678125 0.8914679796874999 0.917012096875 0.9211822656249999 0.9274193546875 0.9950738921875001 0.9233870968750001 0.9950738921875001 0.6612903218749999 0.9359605906249999 0.6572580640625 0.8817733984375 0.673387096875 0.876847290625 0.7137096781250001 0.8374384234375001 0.7620967734375 0.817733990625 0.77822580625 0.7783251234375 0.7943548390624999 0.7783251234375 0.8064516125000001 0.7836867390625 0.8134105484375