1 0.1573263888888889 0.7839699074074075 0.1598611111111111 0.1648148148148149
1 0.1725462962962963 0.6354166666666666 0.17299768518518518 0.17309027777777786
1 0.19439814814814815 0.48194444444444445 0.16353009259259257 0.15248842592592596
1 0.20655671296296294 0.33272569444444444 0.17277777777777778 0.1512731481481481
1 0.24481481481481482 0.17864583333333334 0.15651620370370373 0.1428819444444444
1 0.36652199074074077 0.3291377314814815 0.1804282407407408 0.1686921296296296
1 0.33633101851851854 0.47980324074074077 0.17041666666666666 0.16053240740740743
1 0.3176678240740741 0.6323784722222222 0.16365740740740745 0.15405092592592595
1 0.2926273148148148 0.7867476851851851 0.1608796296296296 0.17731481481481487
1 0.45122106481481483 0.7808738425925925 0.1761226851851852 0.1732060185185187
1 0.4803587962962963 0.6240162037037037 0.17743055555555554 0.17013888888888892
1 0.4930902777777778 0.4677662037037037 0.1684722222222222 0.15578703703703703
1 0.5200925925925926 0.31799768518518523 0.17041666666666658 0.16053240740740743
1 0.5490393518518518 0.1634837962962963 0.17041666666666658 0.1605324074074074
1 0.7024189814814814 0.1546875 0.1854976851851852 0.17355324074074074
1 0.6431712962962963 0.47077546296296297 0.16116898148148148 0.16174768518518512
1 0.622037037037037 0.625 0.16336805555555553 0.16961805555555554
1 0.6141203703703704 0.779513888888889 0.17704861111111114 0.16545138888888894
1 0.7584953703703704 0.7951967592592594 0.18693287037037046 0.17204861111111108
1 0.7051265875 0.2519708734375 0.6426021796875 0.25654995625 0.60148208125 0.305547453125 0.6007408984375 0.350012871875 0.6236962921875 0.3810888453125 0.7029030359374999 0.3853671265625 0.74350610625 0.3408171125 0.745798375 0.2830092484375 0.7051265875 0.2519708734375
1 0.43820918437499995 0.11025305156250001 0.376718834375 0.10593716718749999 0.3267405390625 0.154953465625 0.3205362 0.2083232484375 0.355744834375 0.248265984375 0.4133231140625 0.24814378593750003 0.44742897187499997 0.2213930953125 0.464559621875 0.1502145875 0.43820918437499995 0.11025305156250001