1 0.1984375 0.23203125 0.1546875 0.1421875
1 0.346875 0.23046875 0.1625 0.15390625
1 0.5 0.234375 0.1421875 0.146875
1 0.64921875 0.22890625 0.13984375 0.15703125
1 0.803125 0.24921875 0.1328125 0.13984375
1 0.65234375 0.3890625 0.15625 0.16328125
1 0.5015625 0.3765625 0.15 0.15234375
1 0.34921875 0.37578125 0.14453125 0.14765625
1 0.1953125 0.36875 0.1671875 0.14140625
1 0.20078125 0.5265625 0.1625 0.15546875
1 0.3578125 0.5375 0.16015625 0.159375
1 0.51328125 0.53203125 0.1453125 0.1515625
1 0.66328125 0.5421875 0.14921875 0.15390625
1 0.81796875 0.553125 0.15078125 0.153125
1 0.82578125 0.70625 0.1609375 0.165625
1 0.51015625 0.68359375 0.1515625 0.14453125
1 0.35625 0.68046875 0.159375 0.14375
1 0.2015625 0.68984375 0.15390625 0.16015625
1 0.1859375 0.83671875 0.15859375 0.16875
1 0.7288888890624999 0.72 0.7244444437500001 0.657777778125 0.67555555625 0.622222221875 0.6311111109375 0.6266666671875 0.6 0.6533333328125 0.59555555625 0.7333333328125 0.64 0.7688888890625 0.6977777781250001 0.76444444375 0.7288888890624999 0.72
1 0.8711111109375 0.43555555625000003 0.8755555562499999 0.37333333281250003 0.8266666671875 0.3288888890625 0.7733333328125 0.3288888890625 0.7333333328125 0.3688888890625 0.7333333328125 0.4266666671875 0.76 0.457777778125 0.8311111109375 0.46666666718750005 0.8711111109375 0.43555555625000003