3 0.05390625 0.234375 0.1078125 0.225
3 0.0828125 0.41875 0.165625 0.23125
3 0.21796875 0.371875 0.215625 0.2265625
3 0.37421875 0.33046875 0.2015625 0.221875
3 0.321875 0.14609375 0.209375 0.225
3 0.4859375 0.10859375 0.196875 0.2171875
3 0.63984375 0.0890625 0.2140625 0.178125
3 0.80078125 0.0671875 0.2140625 0.134375
3 0.85234375 0.2046875 0.209375 0.225
3 0.6921875 0.24765625 0.2078125 0.2234375
3 0.528125 0.2875 0.2109375 0.2328125
3 0.2640625 0.559375 0.203125 0.2203125
3 0.425 0.515625 0.20625 0.2234375
3 0.58203125 0.47109375 0.20625 0.2171875
3 0.89609375 0.39140625 0.2046875 0.2078125
3 0.7859375 0.6125 0.1984375 0.209375
3 0.3109375 0.73828125 0.2109375 0.221875
3 0.15078125 0.7796875 0.203125 0.2203125
3 0.20234375 0.9265625 0.1984375 0.146875
3 0.36015625 0.9046875 0.2046875 0.190625
3 0.5203125 0.87578125 0.203125 0.2203125
3 0.68125 0.840625 0.2125 0.2390625
3 0.8375 0.79609375 0.215625 0.228125
3 0.94765625 0.75078125 0.1046875 0.2171875