2 0.5533854166666667 0.29314236111111114 0.3859375 0.27510416666666665
2 0.8480034722222222 0.2446006944444444 0.3039930555555556 0.26802083333333326
2 0.7817708333333334 0.6498958333333333 0.35295138888888894 0.25878472222222226
2 0.7256076388888889 0.8915798611111111 0.3585069444444443 0.19656249999999992
2 0.25711805555555556 0.8338541666666666 0.35399305555555555 0.2681597222222223
2 0.45954861111111106 0.6680208333333334 0.37725694444444446 0.2951736111111112
2 0.18229166666666669 0.2943402777777778 0.3236111111111111 0.2331944444444444
2 0.289892115625 0 0.287058371875 0.0057475671875 0.300942846875 0.041818953125 0.30497731093749997 0.1225735828125 0.334088140625 0.16234881875 0.377529265625 0.1977633875 0.3972336984375 0.1973255109375 0.41111596562499997 0.1889325890625 0.4142499609375 0.1726940859375 0.453658828125 0.171818334375 0.491723609375 0.1588458078125 0.5503888796874999 0.153499921875 0.5956199125 0.160579215625 0.6045760718750001 0.1522957609375 0.61980021875 0.111535303125 0.6166640171875 0.083309496875 0.591585446875 0.079824584375 0.5548625453125 0.06042957812500001 0.5485923515625 0.048442271875 0.5055992546875 0.0170599609375 0.494644071875 0 0.289892115625 0
2 0 0 0.0188172046875 0.16935483906249998 0.076140596875 0.19637648593749998 0.1106233546875 0.1956102015625 0.11599749374999999 0.19953299062500002 0.1701846859375 0.19832883125 0.23153592031249998 0.172712184375 0.2628824796875 0.14372009531250002 0.2875108140625 0.098708440625 0.2798943265625 0.030160053125000003 0.25146481249999997 0 0 0
2 0.9230030734374999 0.5736943171875 0.93509543125 0.59363666875 0.9489777 0.5852437453125 0.9570378015625 0.568895775 0.9606176171874999 0.5122252234375 0.940910978125 0.46819879374999995 0.9180703421875 0.44041086093750004 0.8858255203125 0.416874128125 0.8759733031250001 0.41709306562500004 0.8495506484375 0.4015113796875 0.8092457234375001 0.39432261562500004 0.75505853125 0.395526775 0.7411762640624999 0.4039197 0.7071415328125 0.408718240625 0.66101665 0.4380387375 0.6328062921875001 0.495256634375 0.6296723 0.5114951359375 0.6399747515625 0.5597727640625 0.7093860890625 0.517808146875 0.7147602281250001 0.5217309343750001 0.7335686031249999 0.51322854375 0.738942740625 0.51715133125 0.8123863375000001 0.5114770375 0.8428390453124999 0.5188847390625 0.8795619468749999 0.5382797453125 0.9230030734374999 0.5736943171875
2 0.2727589734375 0.6326085406249999 0.2812648984375 0.575828521875 0.328731659375 0.5141404921875 0.3802306796875 0.48874278281250005 0.35828610156249996 0.46901936875 0.3426117203125 0.46128326093750005 0.31798117812500004 0.46183060625000005 0.311710984375 0.44984330000000006 0.30185876718750004 0.45006223749999996 0.3081289625 0.46204954374999996 0.28887255624999997 0.46651967812499995 0.26782624374999997 0.49932508750000004 0.19169668281250002 0.525270140625 0.11287894843749999 0.527021646875 0.10884889843750001 0.5351956312499999 0.11064321875000001 0.595788971875 0.1469202984375 0.6556160281250001 0.184539259375 0.6830755500000001 0.220366103125 0.6944060421875 0.24992275468749997 0.693749228125 0.2803754609375 0.701156928125 0.29470575781249997 0.6967962640625001 0.282613396875 0.6768539109375 0.2848513328125 0.65255089375 0.2727589734375 0.6326085406249999
2 1 0.6394327421875 0.9565941875 0.6537921328125 0.9561483656249999 0.6942241828125 0.9221158421875 0.74348703125 0.904203525 0.7600539390625001 0.866586771875 0.7770587250000001 0.8679308578124999 0.7891554984375 0.8740656890625 0.7959952875 0.886346778125 0.8127754046875 0.8883301421875001 0.812171278125 0.8982996999999999 0.8302084125 0.9049467578125 0.8470097046875 0.91996839375 0.867537759375 0.9401937203124999 0.8775212625 0.958832840625 0.8875400140625 0.978190784375 0.8897170671874999 0.9933582124999999 0.897201696875 1 0.899298740625 1 0.6394327421875