1 0.22051504629629629 0.23529513888888892 0.16805555555555557 0.16444444444444442
1 0.36918402777777776 0.25473958333333335 0.1762731481481481 0.17607638888888888
1 0.5227430555555556 0.2800694444444444 0.15572916666666678 0.16802083333333337
1 0.672048611111111 0.29567708333333337 0.15451388888888892 0.17725694444444445
1 0.825462962962963 0.33812499999999995 0.14606481481481487 0.159375
1 0.672511574074074 0.45534722222222224 0.17037037037037023 0.1848958333333334
1 0.5217592592592593 0.4217013888888889 0.16377314814814808 0.17496527777777776
1 0.36987847222222225 0.39963541666666663 0.1572916666666666 0.16815972222222228
1 0.21542245370370372 0.3711111111111111 0.18049768518518514 0.1639930555555555
1 0.2189236111111111 0.5287152777777778 0.17638888888888885 0.17920138888888887
1 0.3758680555555556 0.5613541666666666 0.17337962962962966 0.1820486111111112
1 0.5314525462962963 0.578298611111111 0.15902777777777785 0.17298611111111128
1 0.6813368055555555 0.6095312500000001 0.16377314814814808 0.17496527777777793
1 0.8359375 0.6419618055555556 0.16377314814814808 0.17496527777777776
1 0.8416087962962964 0.7950868055555556 0.17517361111111107 0.18843750000000004
1 0.526099537037037 0.728107638888889 0.16498842592592594 0.16572916666666657
1 0.37178819444444444 0.7034895833333333 0.17280092592592594 0.1664236111111112
1 0.2171585648148148 0.6913020833333333 0.1671296296296296 0.18149305555555556
1 0.19910300925925928 0.8345312500000001 0.17528935185185185 0.19156249999999986
1 0.6544706671875 0.8314683609375001 0.7123494781249999 0.8352033000000001 0.7441604640625 0.7954163984375 0.7406685875 0.7329417890625 0.6922977015625 0.6907019984375 0.6477597953124999 0.6888484296875 0.616221690625 0.710964621875 0.6105467499999999 0.7898556937500001 0.6544706671875 0.8314683609375001
1 0.7793142703125 0.5391632937499999 0.850329325 0.5580326421875 0.8908295859375001 0.5327530203124999 0.896231646875 0.47153265937500005 0.8479972015625 0.4204575140625 0.7946335796875 0.41293201875 0.753996875 0.4470469953125 0.75311000625 0.5044768046875 0.7793142703125 0.5391632937499999