2 0.48921875000000004 0.7073090277777778 0.39281249999999995 0.3179513888888888
2 0.1754513888888889 0.7807986111111112 0.3509027777777778 0.3061805555555555
2 0.2654166666666667 0.36701388888888886 0.36111111111111105 0.2969444444444444
2 0.3232638888888889 0.12052083333333334 0.3628472222222222 0.23451388888888886
2 0.7883680555555556 0.15430555555555556 0.36076388888888894 0.2813194444444444
2 0.5860590277777777 0.3241145833333333 0.38541666666666663 0.3365277777777777
2 0.8408680555555555 0.6760416666666667 0.2948611111111109 0.26736111111111105
2 0.6259266359375 1 0.7422585984375 0.98833321875 0.7467588593750001 0.9838284078124999 0.7508566484375 0.975310475 0.7374289484375 0.9401757500000001 0.734282265625 0.8594216140625001 0.7057439015625 0.8217488296875001 0.6628998171875 0.7895642375 0.64328889375 0.791530990625 0.62938564375 0.8010323015624999 0.6260927953125 0.8175764796875 0.5868709484375 0.8215099875 0.548856515625 0.8374828624999999 0.490426215625 0.847396246875 0.445496696875 0.8437951984375 0.4364961765625 0.8528048203124999 0.42090996093750005 0.8949027984375 0.42372725781250004 0.92299465625 0.44864338437500006 0.9245493359375001 0.48497485312500005 0.9411731281250001 0.49108499375000003 0.9527208078125 0.5335266078124999 0.980892278125 0.54610784375 1 0.6259266359375 1
2 0.8692169828124999 0.7729264437500001 0.8078963078125 0.8033971281250001 0.7763944890625 0.8349308046875 0.7514052812500001 0.88202528125 0.7582472859375 0.9502483640625 0.7912859078125 0.983416334375 0.9790586078124999 0.9645848546875 0.9832541609375 0.7757849640625001 0.962771340625 0.767597484375 0.928452225 0.771039303125 0.923147021875 0.7675178703125 0.8692169828124999 0.7729264437500001
2 0.0984630078125 0.4448757859375 0.0902674296875 0.46191165156249997 0.086096559375 0.51907874375 0.10523192968749999 0.5617480234375 0.1276601515625 0.587873128125 0.159491359375 0.6090017328124999 0.169296821875 0.6080183546875 0.1954203578125 0.6216124 0.23544714687499999 0.6257051390624999 0.2893771859375 0.620296565625 0.3032804359375 0.6107952546875001 0.3371970828125 0.6033403125000001 0.38340709375 0.5703315703125 0.41209161875 0.5107060375 0.41538446562500003 0.494161859375 0.40565208750000004 0.44649607968750005 0.33613583281250003 0.49400263125 0.33083063125 0.49048119687499997 0.31202465 0.5004741953125 0.30671944687499997 0.4969527625 0.2335809546875 0.5083412109375 0.2033596296875 0.503265096875 0.1670281578125 0.48664130468750005 0.12418407499999999 0.45445671093750006 0.11236625781250001 0.435374475 0.0984630078125 0.4448757859375
2 0.71485351875 0.46818198437499997 0.663338303125 0.4976692921875 0.68496158125 0.51576815 0.700474715625 0.5223193296875001 0.7249883703125 0.5198608874999999 0.7310985140625 0.5314085671875 0.7409039749999999 0.530425190625 0.73479383125 0.518877509375 0.754002284375 0.512897634375 0.775296171875 0.47833421249999997 0.851325040625 0.4463884625 0.9297687343750001 0.438521446875 0.933866521875 0.4300035140625 0.9327321921875 0.3693149875 0.8972787453125 0.3120682828125 0.8601423328125 0.287418246875 0.8246158046875 0.278820696875 0.79519941875 0.281770828125 0.7649780921875 0.2766947140625 0.7506723703125 0.28218290156250003 0.7624901875 0.3012651375 0.76000228125 0.3258355609375 0.771820096875 0.344917796875 0.7627464953125 0.402576575 0.71485351875 0.46818198437499997
2 0 0.3993658296875 0.0393008484375 0.39811376875 0.0916210046875 0.3766527046875 0.0924990265625 0.336029790625 0.12689122343749998 0.283938815625 0.1448922640625 0.265919571875 0.1825042265625 0.24593357343750002 0.1812968140625 0.2338942078125 0.17526605312500002 0.22750345312500003 0.163226471875 0.21161030625000002 0.1612465015625 0.2123704890625 0.1515204375 0.1950363078125 0.1450870328125 0.178685240625 0.1303608359375 0.159242071875 0.11034358749999999 0.1507875296875 0.0919050203125 0.1421746625 0.0726669546875 0.14148952343750001 0.057655546875 0.13515150468749998 0.027043496875 0.1277595 0 0.1319704640625 0 0.3993658296875