2 0.46484375 0.20859375 0.23515625 0.21015625
2 0.24375 0.22578125 0.21875 0.21875
2 0.690625 0.21484375 0.22421875 0.196875
2 0.59453125 0.3984375 0.2359375 0.21875
2 0.484375 0.60859375 0.25234375 0.24921875
2 0.3609375 0.41328125 0.26171875 0.21484375
2 0.22109375 0.609375 0.2515625 0.21484375
2 0.11484375 0.8515625 0.2296875 0.246875
2 0.353125 0.8125 0.246875 0.25390625
2 0.62109375 0.81796875 0.28125 0.25703125
2 0.734375 0.58046875 0.25078125 0.2515625
2 0.8921875 0.775 0.215625 0.26484375