3 0.52546875 0.6419849537037037 0.3084027777777777 0.4003472222222223
0 0.6274131944444445 0.11529224537037037 0.21524305555555542 0.23058449074074075
3 0.46741319444444446 0.8677951388888889 0.23864583333333336 0.20954861111111106
3 0.3203125 0.467650462962963 0.3055555555555555 0.41261574074074064
1 0.6907118055555556 0.857494212962963 0.2289930555555557 0.19635416666666677
1 0.9190972222222221 0.44279513888888883 0.14576388888888872 0.311863425925926
1 0.15430555555555556 0.7076967592592592 0.2457638888888889 0.3192708333333334
1 0.3103472222222222 0.810792824074074 0.23315972222222223 0.3136574074074076
2 0.9272222222222222 0.14736689814814813 0.14215277777777793 0.28975694444444444
2 0.5136631944444445 0.19048032407407406 0.27479166666666666 0.36197916666666663
0 0.7749131944444445 0.43787615740740743 0.2520833333333332 0.3228587962962962
0 0.7798090277777778 0.2175636574074074 0.25055555555555564 0.3243055555555555
0 0.613923611111111 0.3819444444444445 0.24402777777777782 0.31134259259259256
2 0.8196527777777778 0.7059895833333333 0.26847222222222233 0.35839120370370364
2 0.2023090277777778 0.10431134259259259 0.2672569444444444 0.20862268518518517
2 0.1294965277777778 0.3277777777777778 0.2589930555555556 0.3788194444444445
0 0.07876736111111111 0.7811342592592593 0.15753472222222223 0.2971064814814815
2 0.46980902777777783 0.04421296296296297 0.21038194444444436 0.08842592592592594