3 0.6348900462962963 0.4065856481481481 0.38505787037037037 0.289861111111111
0 0.11130208333333333 0.5088368055555555 0.22260416666666666 0.20204861111111114
3 0.8741724537037037 0.37572916666666667 0.21947916666666673 0.22807870370370376
3 0.518894675925926 0.6683506944444445 0.3973148148148148 0.28535879629629635
1 0.8324305555555556 0.15541087962962963 0.25493055555555555 0.21923611111111113
1 0.34516782407407404 0.08329861111111111 0.3065393518518519 0.16067129629629628
1 0.7864236111111111 0.7411168981481481 0.30706018518518513 0.23093749999999993
1 0.8368518518518518 0.55265625 0.28141203703703715 0.21806712962962962
2 0.09878472222222222 0.1569502314814815 0.19756944444444444 0.22015046296296298
2 0.21056712962962965 0.5832523148148148 0.3474189814814815 0.25651620370370376
0 0.38159722222222225 0.2402083333333333 0.3073842592592593 0.23718750000000002
0 0.17199652777777777 0.31685185185185183 0.3104282407407407 0.23567129629629627
0 0.3669733796296296 0.41668981481481476 0.29924768518518513 0.23082175925925927
2 0.6241377314814814 0.11635995370370371 0.3423495370370372 0.2189699074074074
2 0.15097222222222223 0.9034837962962964 0.30194444444444446 0.19303240740740718
2 0.43597222222222226 0.8905497685185185 0.3631481481481481 0.2189004629629629
0 0.853761574074074 0.829681712962963 0.21988425925925945 0.23589120370370367
2 0.06127025462962963 0.6926215277777779 0.12254050925925926 0.20523148148148138