3 0.43499999999999994 0.26805555555555555 0.3188541666666666 0.4092013888888889
0 0.31812500000000005 0.8230902777777779 0.22364583333333332 0.2838541666666665
3 0.49911458333333336 0.07361111111111111 0.2423958333333333 0.14722222222222223
3 0.6351041666666667 0.43038194444444444 0.31656249999999986 0.4213541666666666
1 0.27515625 0.08194444444444444 0.2340625 0.1638888888888889
1 0.055677083333333335 0.4878472222222222 0.11135416666666667 0.31493055555555555
1 0.8075520833333334 0.18168402777777778 0.25593749999999993 0.3262152777777778
1 0.6540625 0.12352430555555556 0.24145833333333327 0.24704861111111112
2 0.047760416666666666 0.7836805555555555 0.09552083333333333 0.2920138888888889
2 0.43453125000000004 0.7171006944444445 0.28364583333333326 0.3696180555555554
0 0.18015625000000002 0.4848090277777778 0.2622916666666667 0.32847222222222233
0 0.16932291666666668 0.70546875 0.25927083333333334 0.3296875
0 0.33984375 0.5322048611111111 0.2538541666666667 0.31822916666666673
2 0.14276041666666667 0.21987847222222223 0.28020833333333334 0.36458333333333337
2 0.7421875 0.8015625 0.2739583333333332 0.2475694444444443
2 0.8274479166666666 0.5578993055555556 0.2815624999999998 0.3848958333333334
0 0.8989583333333334 0.12604166666666666 0.19375 0.2520833333333333
2 0.473125 0.882638888888889 0.21395833333333325 0.13854166666666642