3 0.34296875 0.6 0.3671875 0.2796875
0 0.87890625 0.49765625 0.2421875 0.1953125
3 0.1046875 0.63046875 0.2046875 0.225
3 0.45 0.3390625 0.3796875 0.275
1 0.15390625 0.85078125 0.240625 0.2140625
1 0.6421875 0.92421875 0.296875 0.1515625
1 0.1796875 0.265625 0.2921875 0.2234375
1 0.13515625 0.45390625 0.2703125 0.2109375
2 0.896875 0.85234375 0.20625 0.2140625
2 0.7609375 0.425 0.33125 0.246875
0 0.6015625 0.7671875 0.29375 0.2296875
0 0.80859375 0.69140625 0.2953125 0.228125
0 0.61015625 0.59140625 0.284375 0.221875
2 0.3625 0.89296875 0.328125 0.2140625
2 0.81015625 0.09765625 0.2921875 0.1953125
2 0.52421875 0.11015625 0.3484375 0.2203125
0 0.10546875 0.17578125 0.2109375 0.2296875
2 0.92109375 0.31640625 0.1390625 0.2015625