3 0.6790219907407408 0.41247106481481477 0.35819444444444437 0.27569444444444446
0 0.12729166666666666 0.4102430555555555 0.24980324074074076 0.19357638888888892
3 0.9091261574074074 0.4280960648148149 0.18174768518518505 0.2208912037037038
3 0.5174479166666666 0.6489872685185185 0.3722222222222221 0.27152777777777787
1 0.8997164351851852 0.20263310185185185 0.20056712962962955 0.21059027777777778
1 0.4574884259259259 0.05596064814814815 0.2931018518518519 0.1119212962962963
1 0.7653009259259258 0.771875 0.2859375 0.22146990740740727
1 0.8577835648148149 0.5973090277777777 0.28114583333333343 0.20723379629629637
2 0.15997106481481482 0.07994791666666666 0.2636921296296296 0.15989583333333332
2 0.23271990740740742 0.5063657407407407 0.325162037037037 0.2447916666666666
0 0.4625405092592592 0.19933449074074075 0.28598379629629633 0.22771990740740744
0 0.24399305555555553 0.23478009259259255 0.2890856481481481 0.2247106481481481
0 0.4161458333333333 0.371412037037037 0.2781134259259259 0.21961805555555552
2 0.7259837962962964 0.11297743055555556 0.3220023148148147 0.22595486111111113
2 0.12735532407407407 0.8408275462962962 0.2439236111111111 0.2433449074074076
2 0.390931712962963 0.870920138888889 0.3423263888888889 0.24230324074074083
0 0.8480844907407408 0.8703993055555556 0.26552083333333343 0.20665509259259274
2 0.060578703703703704 0.5822916666666667 0.11395833333333334 0.20104166666666679