3 0.42265625 0.33046875 0.23359375 0.33671875
0 0.44765625 0.88203125 0.1640625 0.23515625
3 0.42578125 0.090625 0.20078125 0.17890625
3 0.66640625 0.47265625 0.22890625 0.3515625
1 0.20078125 0.10859375 0.18515625 0.2171875
1 0.05859375 0.58203125 0.1171875 0.2828125
1 0.7765625 0.215625 0.1875 0.26953125
1 0.59765625 0.13671875 0.17421875 0.26484375
2 0.09140625 0.8765625 0.18203125 0.246875
2 0.53828125 0.76875 0.20703125 0.30625
0 0.22109375 0.56328125 0.19375 0.26953125
0 0.2671875 0.77890625 0.19140625 0.271875
0 0.39453125 0.59609375 0.1875 0.2609375
2 0.11484375 0.3078125 0.20390625 0.30234375
2 0.8796875 0.8671875 0.21171875 0.265625
2 0.896875 0.58125 0.20546875 0.3234375
0 0.88046875 0.12421875 0.19609375 0.2484375
2 0.6234375 0.94296875 0.18828125 0.1140625