3 0.553125 0.67890625 0.2796875 0.3671875
0 0.6046875 0.12890625 0.1953125 0.2546875
3 0.515625 0.90625 0.225 0.1875
3 0.33125 0.50390625 0.275 0.3796875
1 0.7421875 0.90390625 0.2125 0.1921875
1 0.93515625 0.4796875 0.1296875 0.296875
1 0.18671875 0.74296875 0.2234375 0.2921875
1 0.353125 0.84609375 0.2109375 0.2875
2 0.925 0.18359375 0.15 0.2703125
2 0.49921875 0.22890625 0.2484375 0.3328125
0 0.78515625 0.47578125 0.2296875 0.2953125
0 0.76953125 0.25625 0.228125 0.2953125
0 0.61796875 0.41953125 0.221875 0.284375
2 0.8546875 0.74375 0.24375 0.328125
2 0.175 0.11484375 0.246875 0.2296875
2 0.12109375 0.36328125 0.2421875 0.3484375
0 0.09296875 0.81953125 0.1859375 0.2734375
2 0.43828125 0.05703125 0.2015625 0.1140625